10 0.0018693999999999655 0.00012020000000001474 
100 0.0011617999999999906 9.229999999998961e-05 
1000 0.001349099999999992 0.0001422999999999841 
1500 0.0014288999999999552 0.00013850000000004137 
2000 0.0016575999999999813 0.00016650000000001386 
2500 0.0015160999999999647 0.00021930000000003336 
3000 0.001810299999999987 0.0002134999999999776 
3500 0.0015865999999999936 0.0002151000000000236 
4000 0.0016112000000000348 0.00022999999999995246 
4500 0.0016328999999999927 0.00030569999999996433 
5000 0.0016888999999999932 0.00030960000000002097 
5500 0.0023887000000000214 0.00030039999999997846 
6000 0.0021948000000000523 0.0003981999999999597 
6500 0.002059399999999989 0.00031719999999996196 
7000 0.002073400000000003 0.0003345999999999627 
7500 0.002024199999999976 0.00035970000000001834 
8000 0.0031956000000000206 0.0005824999999999858 
8500 0.003581700000000021 0.0006037999999999877 
9000 0.0029609999999999914 0.0007000000000000339 
9500 0.0037318000000000073 0.0007800000000000029 
10000 0.003717299999999979 0.0006980999999999793 
15000 0.0040143999999999735 0.0012139999999999929 
20000 0.006806299999999987 0.0012357000000000062 
10 0.0016195000000000515 0.0002082999999999946 
100 0.0012165000000000092 8.849999999999136e-05 
1000 0.001416300000000037 0.0001398999999999706 
1500 0.001621799999999951 0.0001527000000000056 
2000 0.0016941000000000317 0.00018819999999997172 
2500 0.002750300000000039 0.00023819999999996622 
3000 0.0015704999999999747 0.00020259999999999723 
3500 0.001657799999999987 0.00021240000000000148 
4000 0.00168299999999999 0.00024009999999996534 
4500 0.0021865000000000356 0.00034879999999998246 
5000 0.0019174000000000135 0.00034009999999995433 
5500 0.0019579000000000124 0.0003034999999999566 
6000 0.001941000000000026 0.00030249999999998334 
6500 0.0018851000000000284 0.00032969999999998834 
7000 0.0019769000000000037 0.00034770000000000634 
7500 0.002215500000000037 0.00036449999999998983 
8000 0.0032635000000000303 0.0006344999999999823 
8500 0.0029722999999999833 0.0006063000000000041 
9000 0.003290100000000018 0.0007469999999999977 
9500 0.0035896999999999735 0.0007550000000000057 
10000 0.0033350999999999797 0.0007281000000000093 
15000 0.004429599999999978 0.0010132999999999948 
20000 0.006477899999999981 0.0015873000000000137 
10 0.001408599999999982 0.00022640000000001548 
100 0.0012460999999999722 0.00036320000000000796 
1000 0.0016249999999999876 0.00014170000000002236 
1500 0.002003699999999997 0.0001799000000000106 
2000 0.0016004000000000018 0.0001590999999999676 
2500 0.001576299999999975 0.0001846999999999821 
3000 0.0015701000000000187 0.00020119999999995697 
3500 0.001771899999999993 0.000214400000000059 
4000 0.0022372000000000503 0.00023220000000001573 
4500 0.002037100000000014 0.0003353999999999857 
5000 0.0018852000000000313 0.0002657999999999827 
5500 0.0021147999999999723 0.00028689999999997884 
6000 0.0018322000000000616 0.0002997999999999612 
6500 0.0026336000000000137 0.0003402999999999601 
7000 0.0021223000000000214 0.0004661999999999722 
7500 0.002308599999999994 0.00036330000000006635 
8000 0.00282759999999993 0.0006723000000000701 
8500 0.0032035000000000258 0.0006692999999999838 
9000 0.003967100000000001 0.0008736999999999773 
9500 0.0030799000000000243 0.000669099999999978 
10000 0.003461999999999965 0.0009097999999999606 
15000 0.004968900000000054 0.0009194000000000146 
20000 0.005593500000000029 0.001719000000000026 
10 0.0014844999999999997 0.00021489999999990683 
100 0.0019247000000000014 0.00013209999999996835 
1000 0.0014822999999999364 0.00013700000000005375 
1500 0.0014598999999999585 0.00014020000000003474 
2000 0.001535500000000023 0.00018529999999994384 
2500 0.0014984999999999582 0.0001754999999999951 
3000 0.002102200000000054 0.00020439999999999348 
3500 0.0019469000000000847 0.00023479999999997947 
4000 0.0018955999999999973 0.00029639999999997446 
4500 0.0017452000000000023 0.0002470999999999446 
5000 0.001794199999999968 0.0002636000000000305 
5500 0.0018224000000000018 0.0002798999999999996 
6000 0.0019407000000000174 0.00032239999999994495 
6500 0.0024698000000000775 0.0003206999999999516 
7000 0.001957399999999998 0.0004393999999999787 
7500 0.0020700999999999636 0.00037600000000004297 
8000 0.002997899999999998 0.0006312000000000539 
8500 0.00329579999999996 0.0006696999999999953 
9000 0.003037100000000015 0.0007781000000000038 
9500 0.0033137999999999224 0.0009569000000000383 
10000 0.0038804999999999534 0.0007270000000000332 
15000 0.004117199999999932 0.0009189000000000558 
20000 0.005641200000000013 0.0014596999999999527 
10 0.001658999999999966 0.0001687000000000216 
100 0.0012035999999999714 9.00000000000345e-05 
1000 0.0014974999999999294 0.0001476000000000255 
1500 0.0015773000000000037 0.0001474999999999671 
2000 0.001542999999999961 0.00018640000000003099 
2500 0.0017072000000000198 0.00022329999999992634 
3000 0.002100100000000049 0.0001955000000000151 
3500 0.001769900000000102 0.0002129999999999077 
4000 0.0016728999999999772 0.00025799999999998047 
4500 0.0016834000000000016 0.0002462999999999216 
5000 0.0020095999999999448 0.0004186000000000467 
5500 0.0021052000000000293 0.00037160000000002746 
6000 0.0021012000000000253 0.00029959999999995546 
6500 0.0019063000000000274 0.00031680000000000597 
7000 0.0021223999999999688 0.0004371000000000791 
7500 0.002708400000000055 0.00036199999999997345 
8000 0.003726799999999919 0.0006363000000000341 
8500 0.003176400000000079 0.0006487999999998939 
9000 0.003024099999999974 0.0009799000000000335 
9500 0.003556899999999974 0.0008214000000000832 
10000 0.0032275000000000498 0.0008261999999999992 
15000 0.003936900000000021 0.0013606999999999925 
20000 0.006125599999999953 0.001511800000000063 
10 0.0014302999999999955 0.0001934999999999576 
100 0.0011830999999999925 8.849999999993585e-05 
1000 0.001729900000000062 0.00014409999999998035 
1500 0.0016142999999999574 0.00014250000000004537 
2000 0.0018381000000000647 0.00018940000000000623 
2500 0.001587000000000005 0.0002593999999999097 
3000 0.0015849000000000002 0.00020050000000004786 
3500 0.0015789000000000497 0.00026879999999995796 
4000 0.001724600000000076 0.0008353999999999306 
4500 0.00196889999999994 0.00024769999999996184 
5000 0.0019730000000000025 0.0002714000000000327 
5500 0.0018906000000000756 0.00036130000000000884 
6000 0.001938700000000071 0.00029919999999994396 
6500 0.0019331999999999683 0.00052400000000008 
7000 0.0024071999999999427 0.0003998000000000612 
7500 0.002394699999999972 0.0003826999999999581 
8000 0.0027042000000000455 0.0006520999999999333 
8500 0.0032651000000000208 0.0010213000000000028 
9000 0.0038794999999999247 0.0006620000000000514 
9500 0.0033805000000000085 0.0007118000000000402 
10000 0.004651399999999972 0.000877899999999987 
15000 0.005457000000000045 0.0010312000000000099 
20000 0.006429499999999977 0.0014964000000000643 
10 0.0023463999999999707 0.00028090000000002835 
100 0.0011813999999999991 9.270000000005663e-05 
1000 0.0016687000000000785 0.00012219999999996123 
1500 0.0016780000000000683 0.00015279999999995297 
2000 0.0024212000000000122 0.0003001999999999727 
2500 0.002360099999999976 0.000512800000000091 
3000 0.0018588999999999967 0.0002017999999999187 
3500 0.0017633999999999705 0.00024610000000002685 
4000 0.0020163999999999183 0.0002883000000000191 
4500 0.0019881999999999955 0.0005623000000000156 
5000 0.0021595999999999282 0.0003125999999999962 
5500 0.0030215000000000103 0.00028639999999990895 
6000 0.0018496000000000068 0.0003004000000000895 
6500 0.0020828999999999986 0.0003762000000000487 
7000 0.0027903999999999707 0.0003609999999999447 
7500 0.003101400000000032 0.0004642000000000257 
8000 0.0032714999999999828 0.0006636000000000974 
8500 0.003238999999999992 0.0006886999999999865 
9000 0.005004200000000014 0.0008384999999999643 
9500 0.004085500000000075 0.0007458000000000187 
10000 0.003812099999999985 0.000817100000000015 
15000 0.005422800000000061 0.0010343999999999909 
20000 0.006027800000000028 0.0019670999999999994 
10 0.002840599999999971 0.0002540000000000875 
100 0.0011738000000000026 8.900000000000574e-05 
1000 0.0017554000000000736 0.0002687000000000106 
1500 0.0016005000000000047 0.00015769999999992734 
2000 0.0024204999999999366 0.0002729999999999677 
2500 0.002047299999999974 0.00018230000000007962 
3000 0.002879000000000076 0.00019899999999994922 
3500 0.002001600000000048 0.0002474999999999561 
4000 0.002224900000000085 0.00024189999999990608 
4500 0.0025813000000000086 0.0005306999999999951 
5000 0.0023463000000000234 0.0004977999999999927 
5500 0.0024087999999999887 0.0003926000000000762 
6000 0.002044599999999952 0.0004231000000000096 
6500 0.0022212000000000343 0.00036549999999990757 
7000 0.003343600000000002 0.00037679999999995495 
7500 0.003347800000000012 0.0005338000000000287 
8000 0.0028943000000000163 0.0006184999999999663 
8500 0.00441350000000007 0.0007435999999999554 
9000 0.004271099999999972 0.0007181000000000548 
9500 0.0035900999999999295 0.0007740000000000524 
10000 0.005162600000000017 0.0014070999999999945 
15000 0.0045695999999999515 0.001111500000000043 
20000 0.006609700000000052 0.0019990999999999204 
10 0.0022772999999999266 0.00028410000000000935 
100 0.001876299999999942 9.540000000007876e-05 
1000 0.001605899999999938 0.00017060000000002074 
1500 0.002636299999999925 0.0002075000000000271 
2000 0.0026270999999999933 0.00019639999999998548 
2500 0.002098500000000003 0.0002497999999999667 
3000 0.0017055999999999738 0.00023370000000000335 
3500 0.0018352999999999842 0.00026450000000000085 
4000 0.002148900000000009 0.00047279999999993993 
4500 0.0022100999999999926 0.0003098000000000267 
5000 0.0022651999999999672 0.0004016999999999493 
5500 0.0020143000000000244 0.000295200000000051 
6000 0.0017564000000001023 0.00029959999999995546 
6500 0.0018721999999999905 0.0006006000000000622 
7000 0.002685700000000013 0.0004948000000000174 
7500 0.0023459999999999592 0.00037120000000001596 
8000 0.0029873999999999734 0.0006408999999999443 
8500 0.0035871999999999016 0.0007281000000001203 
9000 0.003656899999999963 0.0007535999999999099 
9500 0.0032546999999998327 0.0007293000000001548 
10000 0.004189199999999893 0.0008966000000001362 
15000 0.004955700000000007 0.0010471999999999149 
20000 0.005096800000000012 0.0017031999999999048 
10 0.0016588000000001824 0.00019170000000001686 
100 0.00174989999999986 9.009999999998186e-05 
1000 0.001443799999999884 0.00014890000000011838 
1500 0.0013974000000001041 0.00016609999999994685 
2000 0.0013760999999998802 0.00018640000000003099 
2500 0.0016708999999999197 0.00018159999999989296 
3000 0.0018500999999999657 0.00046290000000004383 
3500 0.0022014999999999674 0.00021899999999996922 
4000 0.0020701000000000747 0.0003560999999998593 
4500 0.0017883999999999123 0.0002478999999999676 
5000 0.0017797000000001617 0.0002638999999999836 
5500 0.0018009000000001052 0.00029039999999991295 
6000 0.002231000000000094 0.0005991999999999109 
6500 0.002796400000000032 0.00035410000000002384 
7000 0.001913100000000112 0.0003393999999998787 
7500 0.0019844999999998336 0.0003499000000000141 
8000 0.0025982999999998313 0.0006359000000000226 
8500 0.004599400000000031 0.0006599999999998829 
9000 0.0032007000000000563 0.0006631999999999749 
9500 0.0030742999999999743 0.000703499999999968 
10000 0.0041695999999999955 0.0009380999999999418 
15000 0.004590500000000164 0.0010051999999998174 
20000 0.006517099999999942 0.0014355999999999813 
