10 8.230000000003512e-05 5.189999999999362e-05 
100 0.00023170000000000135 0.00012969999999995485 
1000 0.026268999999999987 0.016300099999999984 
1500 0.05954599999999999 0.046108399999999994 
2000 0.12533530000000004 0.08881149999999993 
2500 0.1979111 0.179624 
3000 0.3009699000000001 0.2978875999999999 
3500 0.4079674999999998 0.46707920000000014 
4000 0.5664333000000004 0.6811005999999997 
4500 0.7041033000000003 0.9773946999999996 
5000 0.8817352999999999 1.3193355999999996 
5500 1.0662688000000005 1.7645257 
6000 1.3209052999999997 2.2464767000000005 
6500 1.550264799999999 2.877079199999999 
7000 1.7722268999999997 3.5904778999999998 
10 0.025907899999999984 0.028634300000000223 
100 0.00011330000000242535 0.00011699999999947863 
1000 0.025126199999998988 0.014334800000000314 
1500 0.059586800000001716 0.04009629999999831 
2000 0.13251599999999897 0.08852130000000002 
2500 0.22020029999999835 0.17000720000000058 
3000 0.29656220000000033 0.29652939999999717 
3500 0.4105388999999988 0.4638313000000025 
4000 0.5631396000000031 0.6742631999999986 
4500 0.7010493000000011 0.9751313999999986 
5000 0.8812525999999998 1.3241864999999997 
5500 1.0878556000000046 1.7453276999999972 
6000 1.3104488999999973 2.2459169999999986 
6500 1.5060232000000013 2.8759213999999957 
7000 1.8026825999999971 3.5895956000000027 
10 0.025970799999996075 0.032805299999999704 
100 0.00012939999999872498 0.00012620000000396203 
1000 0.026902100000000928 0.014900699999998324 
1500 0.06196680000000043 0.04009539999999845 
2000 0.12385949999999468 0.09329730000000325 
2500 0.19852510000000478 0.16965079999999944 
3000 0.31068219999999513 0.29515810000000187 
3500 0.41537570000000557 0.4741227999999964 
4000 0.5678514999999962 0.6972187000000005 
4500 0.7037876000000054 0.9837261999999996 
5000 0.874436700000004 1.3140493000000006 
5500 1.0602759000000006 1.7414611000000022 
6000 1.2936031000000057 2.2423219999999944 
6500 1.553449900000004 2.9067151999999936 
7000 1.7804500000000019 3.5730626 
10 0.024734500000008097 0.03117199999999798 
100 0.0002635000000026366 0.00011829999999690699 
1000 0.026253900000000385 0.01456609999999614 
1500 0.06088680000000579 0.041870699999989824 
2000 0.12300679999999886 0.09045859999999095 
2500 0.19739520000000255 0.16941569999998762 
3000 0.2930845000000062 0.30858010000000036 
3500 0.4290883999999977 0.4677173000000039 
4000 0.5576085999999947 0.6751490000000047 
4500 0.7068936999999949 0.9810371000000089 
5000 0.8698518000000064 1.3520857000000035 
5500 1.0944909999999908 1.7642062000000038 
6000 1.3124770999999953 2.247234800000001 
6500 1.5162500999999935 2.8632266000000044 
7000 1.784806400000008 3.588609599999998 
10 0.02625430000000506 0.03137990000000457 
100 0.00011429999999279516 9.660000000621949e-05 
1000 0.02677870000000837 0.014052300000003015 
1500 0.06205869999999436 0.039947499999996694 
2000 0.12513089999998783 0.08800910000000783 
2500 0.2134450000000072 0.17020899999999983 
3000 0.2933730999999966 0.2981444000000124 
3500 0.4136983000000072 0.47170710000000327 
4000 0.5632525999999984 0.6708148000000023 
4500 0.6979320000000087 0.9930560999999898 
5000 0.8774187999999867 1.3211552000000069 
5500 1.0658609999999982 1.7485611999999975 
6000 1.2963112999999993 2.2370935999999944 
6500 1.5507174999999904 2.8900997000000075 
7000 1.8006673999999947 3.5814682999999974 
10 0.02506490000000383 0.03204750000000445 
100 0.0001234000000067681 8.800000000519503e-05 
1000 0.026438399999989315 0.013764000000008991 
1500 0.060310800000010545 0.041218099999994706 
2000 0.12324440000000436 0.08772949999999469 
2500 0.19879749999999774 0.17101929999999754 
3000 0.3127149999999972 0.2983176000000043 
3500 0.40979600000000005 0.4624809999999968 
4000 0.5608571000000069 0.6790572999999966 
4500 0.7095719999999943 0.9775826000000052 
5000 0.8765804999999887 1.3082606000000112 
5500 1.0787763000000012 1.7377080999999919 
6000 1.316497400000003 2.253733600000004 
6500 1.554825099999988 2.843978600000014 
7000 1.7737737000000209 3.6037491999999816 
10 0.029790399999995998 0.038343599999990374 
100 0.00018239999999991596 9.389999999598331e-05 
1000 0.02775479999999675 0.014286499999997204 
1500 0.06349460000001272 0.040094999999979564 
2000 0.12596049999999082 0.08925440000001572 
2500 0.20068150000000173 0.17652630000000613 
3000 0.29369299999999043 0.296980700000006 
3500 0.4159592000000032 0.46073849999999084 
4000 0.5628281999999842 0.672444200000001 
4500 0.700536900000003 0.9744061000000102 
5000 0.8791624000000127 1.3191650999999922 
5500 1.0718545999999947 1.7576944999999853 
6000 1.3147947999999872 2.2395448000000044 
6500 1.5195766999999876 2.8786388999999986 
7000 1.8165842999999882 3.603211700000003 
10 0.02473510000001511 0.03324390000000221 
100 0.00011340000000359396 0.00011410000001887965 
1000 0.02627529999998046 0.01908290000000079 
1500 0.06043269999997847 0.04000990000000115 
2000 0.12246199999998453 0.08839259999999172 
2500 0.19858220000000415 0.1702940000000126 
3000 0.31348799999997823 0.29623000000000843 
3500 0.40871250000000714 0.4639877000000183 
4000 0.5648651999999856 0.6774642000000028 
4500 0.7022441999999955 0.9738566999999989 
5000 0.8823484000000121 1.3394223999999895 
5500 1.060436100000004 1.7406272999999999 
6000 1.302654600000011 2.2416312000000005 
6500 1.5477281000000005 2.8676954999999964 
7000 1.7802888000000223 3.5672859000000017 
10 0.025697000000008074 0.03224570000000426 
100 0.0001145000000235541 0.00014209999997660816 
1000 0.02606810000000337 0.014471799999995483 
1500 0.060211100000003626 0.04031409999998914 
2000 0.1227448999999865 0.08857689999999252 
2500 0.22141300000001252 0.1686157000000037 
3000 0.2955955999999844 0.2952859000000103 
3500 0.41204830000000925 0.45929720000000884 
4000 0.5622491000000025 0.6721239999999966 
4500 0.700663899999995 0.9727154999999925 
5000 0.8738623000000132 1.322466300000002 
5500 1.0907570000000248 1.7380443999999784 
6000 1.3109905000000026 2.2605860999999834 
6500 1.5063510999999892 2.8846412000000043 
7000 1.8015416000000073 3.588327300000003 
10 0.025274700000011308 0.032422900000000254 
100 0.0002511000000140484 7.629999998925996e-05 
1000 0.026535200000012082 0.014307399999978543 
1500 0.06132460000000606 0.04120779999999513 
2000 0.12293909999999642 0.09130639999997925 
2500 0.2014297000000056 0.17050760000000764 
3000 0.31128959999998074 0.29719830000001934 
3500 0.4098635999999942 0.4725520000000074 
4000 0.564218100000005 0.6801620999999898 
4500 0.7034017000000006 0.9893371000000002 
5000 0.8787808000000155 1.3098310999999967 
5500 1.0587628000000109 1.7429778000000056 
6000 1.2898733000000107 2.2431588999999974 
6500 1.5497929 2.87775529999999 
7000 1.7962143999999967 3.5850026999999898 
