10 7.289999999998686e-05 2400
100 0.0005836999999999648 240000
1000 0.02065840000000002 24000000
2000 0.1015758 96000000
3000 0.34808680000000003 216000000
4000 0.7737570000000001 384000000
5000 1.4376993 600000000
6000 2.512584 864000000
7000 3.6944115999999996 1176000000
8000 5.7627787 1536000000
10 0.05109170000000063 2400
100 0.0001068000000010727 240000
1000 0.01775079999999818 24000000
2000 0.10481429999999747 96000000
3000 0.35924770000000095 216000000
4000 0.7109044000000004 384000000
5000 1.791072500000002 600000000
6000 2.4494367999999973 864000000
7000 3.663496900000002 1176000000
8000 5.2677674 1536000000
10 0.03854400000000169 2400
100 8.689999999944575e-05 240000
1000 0.014858400000001382 24000000
2000 0.09267459999999517 96000000
3000 0.29923649999999924 216000000
4000 0.6739168000000006 384000000
5000 1.3262907000000013 600000000
6000 2.2538386000000017 864000000
7000 3.612044400000002 1176000000
8000 5.251331399999998 1536000000
10 0.03948379999999929 2400
100 0.0001296000000010622 240000
1000 0.021935599999999056 24000000
2000 0.09095649999999722 96000000
3000 0.30284710000000103 216000000
4000 0.677013500000001 384000000
5000 1.3321322999999978 600000000
6000 2.2535843 864000000
7000 3.606269900000001 1176000000
8000 5.247237100000007 1536000000
10 0.04522300000000001 2400
100 8.650000000187674e-05 240000
1000 0.014637799999995593 24000000
2000 0.09201919999999575 96000000
3000 0.3114702999999963 216000000
4000 0.6687568999999982 384000000
5000 1.3340405999999945 600000000
6000 2.263903099999993 864000000
7000 3.6474183000000124 1176000000
8000 7.143345299999993 1536000000
10 0.04797829999999692 2400
100 0.00013830000000325526 240000
1000 0.017334399999995753 24000000
2000 0.10764059999999631 96000000
3000 0.4010686000000021 216000000
4000 0.7092151999999885 384000000
5000 1.3794229999999885 600000000
6000 2.332872999999992 864000000
7000 3.5942559000000074 1176000000
8000 5.190699199999997 1536000000
10 0.039138899999997534 2400
100 0.00010520000000724394 240000
1000 0.01481809999999939 24000000
2000 0.09159409999999468 96000000
3000 0.2956909999999908 216000000
4000 0.673992400000003 384000000
5000 1.323549199999988 600000000
6000 2.2265031999999962 864000000
7000 3.5728845999999947 1176000000
8000 5.201971 1536000000
10 0.0436354999999935 2400
100 0.00010679999999751999 240000
1000 0.014617700000002287 24000000
2000 0.09153700000000242 96000000
3000 0.2956649999999996 216000000
4000 0.6740977000000044 384000000
5000 1.310760700000003 600000000
6000 2.2281514999999956 864000000
7000 3.5793887000000097 1176000000
8000 5.187186099999991 1536000000
10 0.04585419999999374 2400
100 0.00010229999999467054 240000
1000 0.015508400000001643 24000000
2000 0.0970978999999943 96000000
3000 0.2965721000000059 216000000
4000 0.6679463000000112 384000000
5000 1.3146153999999939 600000000
6000 2.242022999999989 864000000
7000 3.823262199999988 1176000000
8000 5.675963800000005 1536000000
10 0.045715099999995346 2400
100 7.999999999697138e-05 240000
1000 0.014733899999981759 24000000
2000 0.09657370000002174 96000000
3000 0.3273376000000212 216000000
4000 0.681627700000007 384000000
5000 1.3481781000000126 600000000
6000 2.224226499999986 864000000
7000 3.582441799999998 1176000000
8000 5.186098600000008 1536000000
