3 0.00018360000000000598 72
4 0.0002349000000000101 128
10 0.0005413999999999974 800
100 0.0026681000000000066 80000
1000 0.03987580000000002 8000000
2000 0.2372803 32000000
3000 0.6780968 72000000
4000 1.2669092 128000000
5000 2.3893932 200000000
6000 3.9786042000000004 288000000
7000 6.2474398 392000000
8000 9.1246823 512000000
3 0.0362158000000008 72
4 0.000196200000001312 128
10 9.190000000103282e-05 800
100 0.0010964999999991676 80000
1000 0.03603889999999765 8000000
2000 0.20480500000000035 32000000
3000 0.5745915000000004 72000000
4000 1.2504710999999986 128000000
5000 2.375298100000002 200000000
6000 3.9629752000000025 288000000
7000 6.232049499999995 392000000
8000 9.131318900000004 512000000
3 0.039884699999994666 72
4 5.989999999655993e-05 128
10 6.430000000534619e-05 800
100 0.0007623999999992748 80000
1000 0.03219639999999657 8000000
2000 0.20124900000000423 32000000
3000 0.5688748999999973 72000000
4000 1.2546126000000015 128000000
5000 2.370568800000001 200000000
6000 3.9937756000000064 288000000
7000 6.234384700000007 392000000
8000 9.209603999999999 512000000
3 0.042030299999993304 72
4 0.0001349000000061551 128
10 0.00017280000000141627 800
100 0.002011699999997063 80000
1000 0.04547370000000228 8000000
2000 0.24045699999999215 32000000
3000 0.7205563999999924 72000000
4000 1.2719239999999985 128000000
5000 3.0303775999999942 200000000
6000 4.154252099999994 288000000
7000 6.248352100000005 392000000
8000 9.568508499999993 512000000
3 0.04035499999999104 72
4 6.940000000099644e-05 128
10 5.4700000006846494e-05 800
100 0.0006079000000056567 80000
1000 0.032023100000003524 8000000
2000 0.2065355000000011 32000000
3000 0.6012271000000027 72000000
4000 1.4586214999999925 128000000
5000 2.66519550000001 200000000
6000 4.666032200000004 288000000
7000 7.049283899999992 392000000
8000 10.236085099999997 512000000
3 0.040200699999985545 72
4 9.389999999598331e-05 128
10 5.949999999188549e-05 800
100 0.0017327999999849908 80000
1000 0.042789499999997815 8000000
2000 0.19215560000000664 32000000
3000 0.6016598999999871 72000000
4000 1.3908250000000066 128000000
5000 2.809096399999987 200000000
6000 4.536859899999996 288000000
7000 7.565040799999991 392000000
8000 10.37548319999999 512000000
3 0.03644209999998793 72
4 0.0001316000000031181 128
10 9.239999999977044e-05 800
100 0.0018405000000143446 80000
1000 0.03647709999998483 8000000
2000 0.26266039999998725 32000000
3000 0.7725666000000047 72000000
4000 1.4267881000000102 128000000
5000 2.3709697999999833 200000000
6000 3.993595499999998 288000000
7000 6.269365300000004 392000000
8000 9.258542800000015 512000000
3 0.036709999999999354 72
4 6.350000001020817e-05 128
10 7.659999999987122e-05 800
100 0.003808899999995674 80000
1000 0.03578909999998814 8000000
2000 0.2006887000000006 32000000
3000 0.5906115999999884 72000000
4000 1.2786367000000212 128000000
5000 2.389559599999984 200000000
6000 4.008443600000021 288000000
7000 6.260435999999999 392000000
8000 9.193420199999991 512000000
3 0.03632799999999747 72
4 0.00014799999999581814 128
10 5.969999998001185e-05 800
100 0.0017329999999731172 80000
1000 0.04215419999999881 8000000
2000 0.20298030000000722 32000000
3000 0.5717605000000106 72000000
4000 1.278759199999996 128000000
5000 2.3724019 200000000
6000 3.998252199999996 288000000
7000 6.295098499999995 392000000
8000 9.236342699999994 512000000
3 0.03646750000001475 72
4 7.120000003624227e-05 128
10 0.00011290000003327805 800
100 0.001341099999990547 80000
1000 0.03613179999996419 8000000
2000 0.1930238999999574 32000000
3000 0.5760518999999817 72000000
4000 1.2742271000000187 128000000
5000 2.372529600000007 200000000
6000 4.010475399999962 288000000
7000 6.252991100000031 392000000
8000 9.17729780000002 512000000
