3 0.002482099999999987 72
4 6.6400000000022e-05 128
10 5.140000000003475e-05 800
100 0.003976299999999988 80000
1000 0.03801279999999996 8000000
2000 0.16314659999999997 32000000
3000 0.5618828000000001 72000000
4000 1.3072293000000001 128000000
5000 2.0967415 200000000
6000 3.5852105000000005 288000000
7000 6.1102484000000015 392000000
8000 8.279433099999999 512000000
3 0.01755139999999855 72
4 7.599999999996498e-05 128
10 7.039999999847169e-05 800
100 0.0015879000000005306 80000
1000 0.03168840000000017 8000000
2000 0.17979820000000046 32000000
3000 0.47031750000000017 72000000
4000 1.1056377000000026 128000000
5000 2.063005799999999 200000000
6000 3.5293652000000044 288000000
7000 5.590190200000002 392000000
8000 8.260526499999997 512000000
3 0.015284399999998755 72
4 7.510000000365835e-05 128
10 9.51000000029012e-05 800
100 0.002711800000000153 80000
1000 0.0318683000000064 8000000
2000 0.18045240000000007 32000000
3000 0.4692790999999943 72000000
4000 1.0769794000000061 128000000
5000 2.047738899999999 200000000
6000 3.512183499999999 288000000
7000 5.564570299999993 392000000
8000 8.27347619999999 512000000
3 0.015390100000004736 72
4 7.940000000417058e-05 128
10 6.499999999221018e-05 800
100 0.0008533999999968955 80000
1000 0.035113199999997846 8000000
2000 0.1787934999999976 32000000
3000 0.4694889999999958 72000000
4000 1.0765273999999891 128000000
5000 2.0562717000000106 200000000
6000 3.514825899999991 288000000
7000 5.576080599999997 392000000
8000 8.288362000000006 512000000
3 0.015324799999987704 72
4 7.750000000328328e-05 128
10 7.200000000295859e-05 800
100 0.0007598000000115235 80000
1000 0.029670000000010077 8000000
2000 0.1723978999999929 32000000
3000 0.4686029000000076 72000000
4000 1.089367100000004 128000000
5000 2.0623781000000037 200000000
6000 3.7851459999999975 288000000
7000 5.572656699999996 392000000
8000 8.263854100000003 512000000
3 0.016038499999993405 72
4 7.569999999645916e-05 128
10 0.00010249999999700776 800
100 0.0008133000000043467 80000
1000 0.030117399999994632 8000000
2000 0.1747403000000105 32000000
3000 0.46976490000000126 72000000
4000 1.0925629999999984 128000000
5000 2.067994700000014 200000000
6000 3.5281246000000124 288000000
7000 5.589784399999985 392000000
8000 8.277547199999987 512000000
3 0.016134599999986676 72
4 7.679999998799758e-05 128
10 6.690000000730834e-05 800
100 0.002470899999991616 80000
1000 0.02834079999999517 8000000
2000 0.17548850000000016 32000000
3000 0.47119730000000004 72000000
4000 1.0706970999999896 128000000
5000 2.0603385000000003 200000000
6000 3.5092300999999964 288000000
7000 5.5752377999999965 392000000
8000 8.278928899999983 512000000
3 0.01641300000000001 72
4 7.59999999786487e-05 128
10 7.439999998837266e-05 800
100 0.0013338999999916723 80000
1000 0.030600000000021055 8000000
2000 0.16427659999999378 32000000
3000 0.47291799999999284 72000000
4000 1.0857093999999847 128000000
5000 2.0631389000000127 200000000
6000 3.5212653000000103 288000000
7000 5.5931137000000035 392000000
8000 8.2610703 512000000
3 0.01759479999998348 72
4 7.529999999178472e-05 128
10 7.980000000884502e-05 800
100 0.0008232000000134576 80000
1000 0.029916399999990517 8000000
2000 0.17347420000001534 32000000
3000 0.47250140000002716 72000000
4000 1.0761976999999945 128000000
5000 2.0643124999999998 200000000
6000 3.5094220999999948 288000000
7000 5.566023199999989 392000000
8000 8.294478800000007 512000000
3 0.01575639999998657 72
4 7.47999999930471e-05 128
10 8.199999999192187e-05 800
100 0.0030278000000123484 80000
1000 0.03114629999998897 8000000
2000 0.17309140000000411 32000000
3000 0.46855030000000397 72000000
4000 1.0849369000000024 128000000
5000 2.0653685000000053 200000000
6000 3.5205503999999905 288000000
7000 5.550878299999994 392000000
8000 8.282371100000006 512000000
