3 0.0002637999999999807 36
4 0.0001355000000000106 64
10 0.00027929999999998234 400
100 0.002943499999999988 40000
1000 0.0366339 4000000
2000 0.11942620000000004 16000000
3000 0.34898039999999997 36000000
4000 0.6687692999999999 64000000
5000 1.2644761 100000000
6000 1.9566799999999995 144000000
7000 2.9994477999999996 196000000
8000 4.6525619 256000000
3 0.009053499999996717 36
4 7.700000000099294e-05 64
10 0.00013500000000021828 400
100 0.0017828999999984774 40000
1000 0.024852100000000377 4000000
2000 0.11686909999999884 16000000
3000 0.3032383999999979 36000000
4000 0.6406926999999989 64000000
5000 1.1768543999999999 100000000
6000 1.9315491000000016 144000000
7000 3.0026724000000016 196000000
8000 4.3578433000000025 256000000
3 0.008256299999999328 36
4 7.920000000183336e-05 64
10 0.00010029999999972006 400
100 0.0016257999999993444 40000
1000 0.025271199999998828 4000000
2000 0.11377370000000298 16000000
3000 0.30414279999999394 36000000
4000 0.6422731999999982 64000000
5000 1.181717599999999 100000000
6000 1.9328298999999944 144000000
7000 2.985900000000001 196000000
8000 4.336616800000002 256000000
3 0.009285699999999508 36
4 7.869999999599031e-05 64
10 0.00011289999999775091 400
100 0.000887900000002162 40000
1000 0.02665230000000207 4000000
2000 0.11526860000000028 16000000
3000 0.30754180000000275 36000000
4000 0.640679200000001 64000000
5000 1.1866197999999955 100000000
6000 1.9417167000000006 144000000
7000 3.017176400000004 196000000
8000 4.359133700000001 256000000
3 0.009432000000003882 36
4 8.040000000164582e-05 64
10 0.00011139999999443262 400
100 0.0010159999999928004 40000
1000 0.024032300000001783 4000000
2000 0.1119030000000123 16000000
3000 0.31033060000000035 36000000
4000 0.6449355999999966 64000000
5000 1.1737320999999952 100000000
6000 1.9448961000000082 144000000
7000 2.979434799999993 196000000
8000 4.343790100000007 256000000
3 0.00923249999999598 36
4 7.850000000075852e-05 64
10 0.00011150000000270666 400
100 0.0013232000000016342 40000
1000 0.028123399999998355 4000000
2000 0.1148406999999878 16000000
3000 0.32058870000000184 36000000
4000 0.6553372999999993 64000000
5000 1.175816900000001 100000000
6000 1.9475853999999941 144000000
7000 3.006218500000003 196000000
8000 4.339017400000003 256000000
3 0.008956699999998818 36
4 7.730000000094606e-05 64
10 0.00011399999999639476 400
100 0.0025689999999940483 40000
1000 0.02436170000000004 4000000
2000 0.11345090000000368 16000000
3000 0.3172009999999972 36000000
4000 0.6475644000000074 64000000
5000 1.1699256999999932 100000000
6000 1.9324617999999987 144000000
7000 3.0140573999999987 196000000
8000 4.354278699999995 256000000
3 0.0078350999999941 36
4 7.589999999879637e-05 64
10 0.00012609999998858257 400
100 0.0012772999999981494 40000
1000 0.02395480000001271 4000000
2000 0.11175670000000082 16000000
3000 0.3123838000000063 36000000
4000 0.6517974000000066 64000000
5000 1.180352599999992 100000000
6000 1.9656121999999954 144000000
7000 2.979998800000004 196000000
8000 4.3478238000000005 256000000
3 0.008377199999983986 36
4 8.929999998485982e-05 64
10 0.00010580000000004475 400
100 0.0013382000000206062 40000
1000 0.024291699999992034 4000000
2000 0.11446069999999509 16000000
3000 0.30895549999999616 36000000
4000 0.6488310999999953 64000000
5000 1.1688754000000188 100000000
6000 1.9396437000000049 144000000
7000 2.9942899000000125 196000000
8000 4.3409403 256000000
3 0.008320800000007011 36
4 7.699999997612395e-05 64
10 0.00013280000001714143 400
100 0.0012504000000035376 40000
1000 0.024772600000005696 4000000
2000 0.11419159999999806 16000000
3000 0.30683609999999817 36000000
4000 0.6497326999999871 64000000
5000 1.1726567000000045 100000000
6000 1.9410573000000113 144000000
7000 2.9820644999999786 196000000
8000 4.329370299999994 256000000
