3 0.00020200000000003548 36
4 0.0002415000000000056 64
10 0.00038569999999998883 400
100 0.04533490000000001 40000
1000 0.027701399999999987 4000000
2000 0.13124360000000002 16000000
3000 0.3369358 36000000
4000 0.7721159999999998 64000000
5000 1.250013 100000000
6000 2.047416 144000000
7000 3.5686532 196000000
8000 4.880576 256000000
3 0.008368400000001941 36
4 8.109999999916795e-05 64
10 0.00012919999999994047 400
100 0.0011583000000001675 40000
1000 0.025574399999999997 4000000
2000 0.12575529999999802 16000000
3000 0.3738683999999992 36000000
4000 0.655410100000001 64000000
5000 1.186433000000001 100000000
6000 1.941799500000002 144000000
7000 3.025220600000001 196000000
8000 4.348439499999998 256000000
3 0.007989399999999591 36
4 0.00013060000000564287 64
10 0.00012069999999653191 400
100 0.0037127000000012345 40000
1000 0.026148700000000247 4000000
2000 0.1143569000000042 16000000
3000 0.3090845999999985 36000000
4000 0.6561271000000062 64000000
5000 1.1770119000000037 100000000
6000 1.953159300000003 144000000
7000 3.7379912999999974 196000000
8000 5.4992625 256000000
3 0.009878800000002741 36
4 6.419999999707215e-05 64
10 0.00010750000000570026 400
100 0.0014315000000024725 40000
1000 0.023521399999999915 4000000
2000 0.11749269999999967 16000000
3000 0.32253730000000047 36000000
4000 0.7756569999999954 64000000
5000 1.2534452999999957 100000000
6000 1.9933362000000017 144000000
7000 3.210794700000001 196000000
8000 5.029241900000002 256000000
3 0.007724600000003079 36
4 7.399999999790907e-05 64
10 0.00010009999999738284 400
100 0.0030736999999874115 40000
1000 0.022774600000005307 4000000
2000 0.11902140000000827 16000000
3000 0.3634750000000082 36000000
4000 0.7272822999999988 64000000
5000 1.4042922000000004 100000000
6000 2.4351027000000016 144000000
7000 3.323019400000007 196000000
8000 4.676570400000003 256000000
3 0.00821990000000028 36
4 7.569999999645916e-05 64
10 0.00010389999999915744 400
100 0.0009294999999980291 40000
1000 0.021226900000002047 4000000
2000 0.11946089999999288 16000000
3000 0.3103820999999982 36000000
4000 0.6472472999999894 64000000
5000 1.1914483999999987 100000000
6000 2.532551099999992 144000000
7000 3.6101356000000067 196000000
8000 4.536080299999995 256000000
3 0.010013900000004128 36
4 6.0000000004833964e-05 64
10 0.0001543999999995549 400
100 0.0015122000000076241 40000
1000 0.025852900000003842 4000000
2000 0.11581189999999708 16000000
3000 0.322548299999994 36000000
4000 0.6622804000000002 64000000
5000 1.2209426999999948 100000000
6000 1.9672305999999935 144000000
7000 3.1155457999999925 196000000
8000 5.282622799999999 256000000
3 0.00969949999999642 36
4 7.80000000020209e-05 64
10 0.00010830000000794371 400
100 0.0018651999999974578 40000
1000 0.021806099999992057 4000000
2000 0.1136592999999948 16000000
3000 0.36513740000000894 36000000
4000 0.6854588000000064 64000000
5000 1.293235100000004 100000000
6000 2.122127500000005 144000000
7000 3.391954400000003 196000000
8000 4.431642199999999 256000000
3 0.00995689999999172 36
4 6.110000001058324e-05 64
10 0.00010810000000560649 400
100 0.0010662999999908607 40000
1000 0.022428700000006074 4000000
2000 0.11046350000000871 16000000
3000 0.3509555999999918 36000000
4000 0.7699527999999987 64000000
5000 1.4210702000000026 100000000
6000 2.1672953000000064 144000000
7000 3.2414157000000046 196000000
8000 4.439959700000003 256000000
3 0.009631100000007109 36
4 9.299999999257125e-05 64
10 0.0006352999999990061 400
100 0.0020219000000167853 40000
1000 0.02832520000001182 4000000
2000 0.11479190000000017 16000000
3000 0.32017300000001114 36000000
4000 0.6582137999999986 64000000
5000 1.1948125000000118 100000000
6000 2.0905967000000203 144000000
7000 3.0655371000000002 196000000
8000 4.439909400000005 256000000
