3 0.00020900000000001473 36
4 6.760000000000099e-05 64
10 0.0002438999999999636 400
100 0.0016236000000000028 40000
1000 0.040103900000000026 4000000
2000 0.12541359999999996 16000000
3000 0.4340685999999999 36000000
4000 0.6730465999999999 64000000
5000 1.2078623999999998 100000000
6000 1.9768935 144000000
7000 2.9874085 196000000
8000 4.521898500000001 256000000
3 0.010011300000002166 36
4 6.270000000085929e-05 64
10 0.0001524999999986676 400
100 0.0012522000000032563 40000
1000 0.026469399999999865 4000000
2000 0.11684610000000006 16000000
3000 0.30262360000000044 36000000
4000 0.6573408000000001 64000000
5000 1.2003195000000026 100000000
6000 2.2668596999999977 144000000
7000 3.0116200000000006 196000000
8000 4.380268200000003 256000000
3 0.00864949999999709 36
4 7.959999999940237e-05 64
10 0.00012840000000124974 400
100 0.00108110000000039 40000
1000 0.022455900000004192 4000000
2000 0.11279609999999707 16000000
3000 0.302857699999997 36000000
4000 0.6475395000000006 64000000
5000 1.189645200000001 100000000
6000 1.9673817000000042 144000000
7000 3.113340000000001 196000000
8000 5.119721500000004 256000000
3 0.00863790000000364 36
4 8.280000000127075e-05 64
10 0.00011820000000284381 400
100 0.0010910999999964588 40000
1000 0.027920999999999196 4000000
2000 0.11634920000000193 16000000
3000 0.34859419999999375 36000000
4000 0.7294642000000024 64000000
5000 1.1989895999999973 100000000
6000 1.9564128000000025 144000000
7000 3.0427840999999987 196000000
8000 4.425652899999996 256000000
3 0.009329500000006874 36
4 0.00015970000001175322 64
10 0.00011679999998648327 400
100 0.002185699999998292 40000
1000 0.022524799999999345 4000000
2000 0.11197930000000156 16000000
3000 0.3062141000000054 36000000
4000 0.649628100000001 64000000
5000 1.1822935 100000000
6000 1.958192100000005 144000000
7000 3.0036778999999996 196000000
8000 4.385436299999995 256000000
3 0.009959100000003218 36
4 6.100000000230921e-05 64
10 0.00012390000000550572 400
100 0.0011401000000006434 40000
1000 0.030302800000001184 4000000
2000 0.11166019999998866 16000000
3000 0.3079808999999898 36000000
4000 0.6456427000000104 64000000
5000 1.1889467999999965 100000000
6000 1.9655109999999922 144000000
7000 3.023557199999999 196000000
8000 4.3744806000000125 256000000
3 0.008254300000004378 36
4 7.939999998995972e-05 64
10 0.00012529999999344454 400
100 0.002088200000002871 40000
1000 0.022779400000004557 4000000
2000 0.11093639999999994 16000000
3000 0.3048940999999985 36000000
4000 0.6410687999999993 64000000
5000 1.187979999999996 100000000
6000 1.9560339999999883 144000000
7000 3.0100728999999973 196000000
8000 4.390215699999999 256000000
3 0.008294699999993327 36
4 8.509999999262163e-05 64
10 0.00011419999999873198 400
100 0.0013912999999945441 40000
1000 0.022860799999989467 4000000
2000 0.11867750000000399 16000000
3000 0.3069617000000022 36000000
4000 0.648099600000009 64000000
5000 1.1901402000000019 100000000
6000 1.9794200000000046 144000000
7000 3.015757800000003 196000000
8000 4.576223200000001 256000000
3 0.007929600000011305 36
4 8.239999999659631e-05 64
10 0.00011530000000448126 400
100 0.0010115000000041618 40000
1000 0.02159770000000094 4000000
2000 0.11371030000000815 16000000
3000 0.3265551000000073 36000000
4000 0.6565583000000004 64000000
5000 1.185238400000003 100000000
6000 1.9744202999999914 144000000
7000 3.015726900000004 196000000
8000 4.401502599999986 256000000
3 0.008870199999989836 36
4 7.869999998888488e-05 64
10 0.00010659999998097192 400
100 0.0012712000000192347 40000
1000 0.023951299999993125 4000000
2000 0.11187849999998889 16000000
3000 0.31270079999998757 36000000
4000 0.6610790999999949 64000000
5000 1.2056702000000143 100000000
6000 1.9515571999999963 144000000
7000 3.032666899999981 196000000
8000 4.3764467999999965 256000000
