3 0.0002011000000000096 36
4 5.209999999999937e-05 64
10 0.0002410999999999941 400
100 0.0021624000000000088 40000
1000 0.0928541 4000000
2000 0.13508670000000006 16000000
3000 0.34747949999999994 36000000
4000 0.6834604 64000000
5000 1.1972400999999997 100000000
6000 1.9345590999999995 144000000
7000 2.9889615000000003 196000000
8000 4.350672700000002 256000000
3 0.008494400000000013 36
4 8.119999999678384e-05 64
10 0.00013449999999792794 400
100 0.0010174999999996714 40000
1000 0.023940100000000797 4000000
2000 0.13052769999999825 16000000
3000 0.3005943000000002 36000000
4000 0.6596088000000009 64000000
5000 1.1713777000000007 100000000
6000 1.9298166000000023 144000000
7000 2.9774804999999986 196000000
8000 4.335516900000002 256000000
3 0.008016699999998878 36
4 8.290000000243936e-05 64
10 0.0001007000000043945 400
100 0.001416299999995374 40000
1000 0.021684700000001556 4000000
2000 0.11347279999999671 16000000
3000 0.2992768999999953 36000000
4000 0.6539045999999971 64000000
5000 1.1697288000000015 100000000
6000 1.9286059000000009 144000000
7000 2.975239099999996 196000000
8000 4.3778018 256000000
3 0.009974800000001949 36
4 0.00012749999999783768 64
10 0.00013149999999484407 400
100 0.002218399999996734 40000
1000 0.023169199999998114 4000000
2000 0.11083709999999769 16000000
3000 0.3013442000000026 36000000
4000 0.6551591999999999 64000000
5000 1.1826002999999972 100000000
6000 1.9279505999999955 144000000
7000 2.973456900000002 196000000
8000 4.390292700000003 256000000
3 0.009183800000002407 36
4 9.380000000192013e-05 64
10 0.00013479999999788106 400
100 0.0013941999999929067 40000
1000 0.022523599999999533 4000000
2000 0.11483780000000365 16000000
3000 0.30495030000000156 36000000
4000 0.6561629999999923 64000000
5000 1.1667207999999931 100000000
6000 1.9191541999999941 144000000
7000 2.9809815999999927 196000000
8000 4.376435099999995 256000000
3 0.007759699999994041 36
4 7.749999998907242e-05 64
10 0.0001125000000001819 400
100 0.0009603999999967527 40000
1000 0.02250800000000197 4000000
2000 0.1158969999999897 16000000
3000 0.29988229999999305 36000000
4000 0.6597160000000031 64000000
5000 1.1876603999999986 100000000
6000 1.9484778000000063 144000000
7000 2.9677042 196000000
8000 4.337827500000003 256000000
3 0.008662999999998533 36
4 0.00019159999999374122 64
10 0.00012150000000588079 400
100 0.0010316000000045733 40000
1000 0.02263170000000514 4000000
2000 0.11774490000000526 16000000
3000 0.31232480000001317 36000000
4000 0.6476696999999945 64000000
5000 1.1719362000000046 100000000
6000 1.9300178000000017 144000000
7000 2.9632417000000117 196000000
8000 4.343723999999995 256000000
3 0.009762100000003215 36
4 0.00013350000000400541 64
10 0.00014600000000086766 400
100 0.001354999999989559 40000
1000 0.024409300000002077 4000000
2000 0.11663279999999077 16000000
3000 0.3094918999999976 36000000
4000 0.6544418000000007 64000000
5000 1.1744668999999988 100000000
6000 1.9458904999999902 144000000
7000 2.989410300000003 196000000
8000 4.353633999999985 256000000
3 0.009378600000019333 36
4 9.399999999004649e-05 64
10 0.0001488999999992302 400
100 0.0017132000000117387 40000
1000 0.02311459999998533 4000000
2000 0.11479019999998741 16000000
3000 0.31271079999999074 36000000
4000 0.6474404999999877 64000000
5000 1.1828397000000166 100000000
6000 1.9511337999999796 144000000
7000 3.015378599999991 196000000
8000 4.33810170000001 256000000
3 0.008903800000013007 36
4 7.679999998799758e-05 64
10 0.0001502000000073167 400
100 0.0009230999999942924 40000
1000 0.022408699999999726 4000000
2000 0.10944969999999898 16000000
3000 0.30982809999997585 36000000
4000 0.6429142999999726 64000000
5000 1.181428799999992 100000000
6000 1.9569692000000032 144000000
7000 2.9967556 196000000
8000 4.333139099999983 256000000
