3 0.00020139999999999048 72
4 7.069999999997911e-05 128
10 7.370000000000987e-05 800
100 0.0027722000000000024 80000
1000 0.04680770000000001 8000000
2000 0.19845270000000004 32000000
3000 0.7952646 72000000
4000 1.4016670999999998 128000000
5000 2.5656039 200000000
6000 4.0214490000000005 288000000
7000 6.229716500000002 392000000
8000 10.291298000000001 512000000
3 0.036790999999997354 72
4 0.00010009999999738284 128
10 0.00011100000000041632 800
100 0.000979799999999642 80000
1000 0.03535709999999881 8000000
2000 0.1975295000000017 32000000
3000 0.5990772 72000000
4000 1.3058735000000006 128000000
5000 2.453894599999998 200000000
6000 4.745774099999998 288000000
7000 6.6782169999999965 392000000
8000 9.445369299999996 512000000
3 0.037238599999994904 72
4 6.360000000427135e-05 128
10 6.580000000155906e-05 800
100 0.0011651000000014733 80000
1000 0.03692819999999841 8000000
2000 0.1891789000000017 32000000
3000 0.56982 72000000
4000 1.2587608999999986 128000000
5000 2.3682595000000006 200000000
6000 4.369461300000012 288000000
7000 7.151022699999999 392000000
8000 9.960516000000013 512000000
3 0.03579679999999996 72
4 7.920000000183336e-05 128
10 4.989999999338579e-05 800
100 0.001203799999998978 80000
1000 0.03643749999999102 8000000
2000 0.20018340000000023 32000000
3000 0.5832099 72000000
4000 1.258780299999998 128000000
5000 2.3866974000000027 200000000
6000 3.9962811000000045 288000000
7000 6.2500553 392000000
8000 9.130446300000003 512000000
3 0.035855900000001384 72
4 0.00017090000000052896 128
10 5.570000000432174e-05 800
100 0.0011772999999948297 80000
1000 0.038371300000008546 8000000
2000 0.1881984999999986 32000000
3000 0.569629599999999 72000000
4000 1.2621892000000088 128000000
5000 2.361654200000004 200000000
6000 3.9698649999999986 288000000
7000 6.214036600000014 392000000
8000 9.132856199999992 512000000
3 0.03603400000000079 72
4 0.0001292000000034932 128
10 7.08999999972093e-05 800
100 0.0013910000000123546 80000
1000 0.046037200000000666 8000000
2000 0.19859109999998736 32000000
3000 0.5635714000000007 72000000
4000 1.2729580999999826 128000000
5000 2.384329100000002 200000000
6000 3.9673953999999867 288000000
7000 6.224322999999998 392000000
8000 9.151330599999994 512000000
3 0.03571510000000444 72
4 6.310000000553373e-05 128
10 6.38999999864609e-05 800
100 0.0010652999999933854 80000
1000 0.03347769999999173 8000000
2000 0.20518610000002013 32000000
3000 0.5805073999999877 72000000
4000 1.2546515999999883 128000000
5000 2.385801299999997 200000000
6000 3.9528588999999954 288000000
7000 6.218657699999994 392000000
8000 9.12581879999999 512000000
3 0.04896509999997534 72
4 8.12000000109947e-05 128
10 5.300000000829641e-05 800
100 0.0011936000000218883 80000
1000 0.03671180000000618 8000000
2000 0.19960310000001869 32000000
3000 0.5763371999999833 72000000
4000 1.2634079000000042 128000000
5000 2.3505086999999776 200000000
6000 3.979937800000016 288000000
7000 6.213502599999998 392000000
8000 9.100447899999978 512000000
3 0.0401094999999998 72
4 8.040000000164582e-05 128
10 9.000000000014552e-05 800
100 0.0011055999999882715 80000
1000 0.037375400000001946 8000000
2000 0.19070630000001643 32000000
3000 0.5800996000000112 72000000
4000 1.2523817999999949 128000000
5000 2.376970099999994 200000000
6000 3.9871283000000233 288000000
7000 6.215311499999984 392000000
8000 9.157959499999976 512000000
3 0.03577210000000264 72
4 9.109999999168394e-05 128
10 8.080000000632026e-05 800
100 0.001332899999994197 80000
1000 0.038253499999996166 8000000
2000 0.1912347999999895 32000000
3000 0.572088199999996 72000000
4000 1.2505696999999998 128000000
5000 2.3580828999999994 200000000
6000 3.9407021999999756 288000000
7000 6.255179099999964 392000000
8000 9.094377799999961 512000000
