3 0.0001766999999999741 72
4 5.850000000001687e-05 128
10 7.719999999999949e-05 800
100 0.0021363999999999828 80000
1000 0.03278390000000003 8000000
2000 0.16142639999999997 32000000
3000 0.5403971 72000000
4000 1.1102315000000003 128000000
5000 2.2985734000000004 200000000
6000 3.5523924000000004 288000000
7000 5.6326701 392000000
8000 8.3719775 512000000
3 0.015590899999999408 72
4 7.129999999833103e-05 128
10 4.410000000021341e-05 800
100 0.002355500000000177 80000
1000 0.03167460000000233 8000000
2000 0.1640176999999987 32000000
3000 0.47261059999999944 72000000
4000 1.1046182000000009 128000000
5000 2.0744991000000006 200000000
6000 3.5531401000000002 288000000
7000 5.6392211 392000000
8000 8.340971699999997 512000000
3 0.015716799999999864 72
4 7.40000000050145e-05 128
10 9.020000000248274e-05 800
100 0.0009755999999967457 80000
1000 0.029790999999995904 8000000
2000 0.18374430000000075 32000000
3000 0.4724143999999981 72000000
4000 1.106182600000004 128000000
5000 2.0711774000000034 200000000
6000 3.5644597999999945 288000000
7000 5.645376799999994 392000000
8000 8.415757099999993 512000000
3 0.019023599999997032 72
4 0.00012250000000335604 128
10 7.759999999734646e-05 800
100 0.0017237999999935028 80000
1000 0.030911700000004316 8000000
2000 0.1866658000000001 32000000
3000 0.4751645000000053 72000000
4000 1.1051383000000072 128000000
5000 2.0667715000000015 200000000
6000 3.5725526000000087 288000000
7000 5.639450199999999 392000000
8000 8.38654360000001 512000000
3 0.016082500000010214 72
4 7.169999999234733e-05 128
10 9.409999999832053e-05 800
100 0.0008219999999994343 80000
1000 0.028772299999999973 8000000
2000 0.1868376999999981 32000000
3000 0.4728987000000018 72000000
4000 1.0851305999999994 128000000
5000 2.1113200000000063 200000000
6000 3.5510550999999992 288000000
7000 5.632039300000002 392000000
8000 8.399101899999991 512000000
3 0.016585999999989554 72
4 7.099999999127249e-05 128
10 7.779999999968368e-05 800
100 0.002113399999998933 80000
1000 0.03018600000000049 8000000
2000 0.1742765999999989 32000000
3000 0.4684441999999933 72000000
4000 1.0933581000000032 128000000
5000 2.095120400000013 200000000
6000 3.5575627999999995 288000000
7000 5.643934699999988 392000000
8000 8.37416970000001 512000000
3 0.015749800000008918 72
4 7.449999998243584e-05 128
10 8.560000000557011e-05 800
100 0.0011591999999893687 80000
1000 0.031448199999999815 8000000
2000 0.1572800000000143 32000000
3000 0.4681902000000093 72000000
4000 1.0908379999999909 128000000
5000 2.0778273999999897 200000000
6000 3.5698110000000156 288000000
7000 5.628181699999999 392000000
8000 8.439289200000019 512000000
3 0.01552979999999593 72
4 7.500000000959517e-05 128
10 5.550000000198452e-05 800
100 0.0007610000000113359 80000
1000 0.03025239999999485 8000000
2000 0.17789780000001088 32000000
3000 0.48204530000001 72000000
4000 1.0907287999999937 128000000
5000 2.062933700000002 200000000
6000 3.5864678000000083 288000000
7000 5.622407299999992 392000000
8000 8.405008199999997 512000000
3 0.015295100000003004 72
4 7.619999999519678e-05 128
10 6.009999998468629e-05 800
100 0.0008396000000061576 80000
1000 0.02855189999999652 8000000
2000 0.1673648999999955 32000000
3000 0.4859711999999945 72000000
4000 1.0905673000000036 128000000
5000 2.050028400000002 200000000
6000 3.5915991999999903 288000000
7000 5.615622000000002 392000000
8000 8.401789700000023 512000000
3 0.016402099999993425 72
4 7.659999999987122e-05 128
10 4.9600000011196244e-05 800
100 0.002291900000017222 80000
1000 0.029496399999999312 8000000
2000 0.17797619999998915 32000000
3000 0.4766721000000018 72000000
4000 1.1058398000000125 128000000
5000 2.055312200000003 200000000
6000 3.5850675999999737 288000000
7000 5.643499200000008 392000000
8000 8.705328500000007 512000000
