3 0.0003347000000000211 36
4 9.930000000002437e-05 64
10 0.0006840000000000179 400
100 0.0019649999999999945 40000
1000 0.028558799999999995 4000000
2000 0.10402850000000002 16000000
3000 0.33951589999999987 36000000
4000 0.6365970999999999 64000000
5000 1.1718113999999997 100000000
6000 2.0015216000000002 144000000
7000 3.1065236999999994 196000000
8000 4.859799400000002 256000000
3 0.009111100000001926 36
4 0.00010040000000088867 64
10 0.00027190000000132386 400
100 0.0016873999999980072 40000
1000 0.024600799999998202 4000000
2000 0.11036680000000132 16000000
3000 0.30212020000000095 36000000
4000 0.6318926000000005 64000000
5000 1.1780851000000006 100000000
6000 1.9662337 144000000
7000 3.0905733000000026 196000000
8000 4.635006800000003 256000000
3 0.009597300000002917 36
4 8.300000000360797e-05 64
10 0.00017049999999585452 400
100 0.0014798999999996454 40000
1000 0.021304200000002993 4000000
2000 0.11343560000000252 16000000
3000 0.3036586999999997 36000000
4000 0.6493399999999951 64000000
5000 1.1758595000000014 100000000
6000 1.9541883999999996 144000000
7000 3.064195099999999 196000000
8000 4.6400991000000005 256000000
3 0.0076897000000002436 36
4 7.120000000071514e-05 64
10 0.00013749999999390639 400
100 0.00407859999999971 40000
1000 0.021184699999999168 4000000
2000 0.107378599999997 16000000
3000 0.2963931000000031 36000000
4000 0.6408605000000023 64000000
5000 1.1839306999999977 100000000
6000 1.9950097999999983 144000000
7000 3.0936071 196000000
8000 4.679034300000005 256000000
3 0.008919200000008232 36
4 8.000000001118224e-05 64
10 0.00013570000000129312 400
100 0.001092999999997346 40000
1000 0.02400539999999296 4000000
2000 0.10704259999999977 16000000
3000 0.2968073999999916 36000000
4000 0.6446192000000082 64000000
5000 1.1930856000000034 100000000
6000 1.9732920999999948 144000000
7000 3.09197309999999 196000000
8000 4.655934099999996 256000000
3 0.007604799999995748 36
4 5.989999999655993e-05 64
10 0.0001157000000091557 400
100 0.001835900000003221 40000
1000 0.021250899999998296 4000000
2000 0.11468430000000751 16000000
3000 0.30846950000000106 36000000
4000 0.6389008999999959 64000000
5000 1.1927996999999948 100000000
6000 1.976742399999992 144000000
7000 3.10499080000001 196000000
8000 4.67722169999999 256000000
3 0.009435100000004581 36
4 8.350000000234559e-05 64
10 0.00015030000000137989 400
100 0.00385229999999126 40000
1000 0.02598960000000261 4000000
2000 0.10474320000000148 16000000
3000 0.3103047000000032 36000000
4000 0.6437231999999966 64000000
5000 1.1753391999999963 100000000
6000 1.9780667999999935 144000000
7000 3.1012210000000096 196000000
8000 4.630331900000002 256000000
3 0.009315499999999588 36
4 7.790000000795771e-05 64
10 0.00013730000000578002 400
100 0.0011960000000073023 40000
1000 0.021834200000000692 4000000
2000 0.10592929999999967 16000000
3000 0.3087076000000053 36000000
4000 0.6324378999999993 64000000
5000 1.1746392000000014 100000000
6000 1.9751040999999958 144000000
7000 3.110780500000004 196000000
8000 4.645971300000014 256000000
3 0.009625800000009122 36
4 7.120000000782056e-05 64
10 0.00011920000000031905 400
100 0.0015768000000093707 40000
1000 0.025234199999999873 4000000
2000 0.1068193999999778 16000000
3000 0.29936010000000124 36000000
4000 0.6382674999999836 64000000
5000 1.1907839000000138 100000000
6000 1.9682578999999976 144000000
7000 3.1164466000000175 196000000
8000 4.631899199999992 256000000
3 0.009955399999995507 36
4 6.270000000085929e-05 64
10 0.00011919999997189734 400
100 0.002438200000000279 40000
1000 0.02298659999999586 4000000
2000 0.10705999999998994 16000000
3000 0.3026139000000114 36000000
4000 0.631555800000001 64000000
5000 1.176200499999993 100000000
6000 1.9665794999999946 144000000
7000 3.115380200000004 196000000
8000 4.648843499999998 256000000
