3 0.00015919999999999823 36
4 7.799999999999474e-05 64
10 0.00010079999999998424 400
100 0.0022790999999999784 40000
1000 0.046083299999999966 4000000
2000 0.24259149999999996 16000000
3000 0.6431104000000001 36000000
4000 1.3345084 64000000
5000 2.4439015 100000000
6000 4.1016576 144000000
7000 6.5830748 196000000
8000 9.401982799999999 256000000
3 0.007858699999999885 36
4 0.00011399999999994748 64
10 0.00028169999999860806 400
100 0.0021106999999993548 40000
1000 0.042223599999999806 4000000
2000 0.21613239999999934 16000000
3000 0.5953502999999998 36000000
4000 1.3107462000000005 64000000
5000 2.469602100000003 100000000
6000 4.111070000000005 144000000
7000 6.419691899999997 196000000
8000 10.4827504 256000000
3 0.008763299999998253 36
4 0.00011479999999863821 64
10 5.139999999670408e-05 400
100 0.0010906000000048266 40000
1000 0.05631439999999799 4000000
2000 0.21467359999999758 16000000
3000 0.6521356999999952 36000000
4000 1.4409684999999968 64000000
5000 2.5452675999999954 100000000
6000 4.6693444 144000000
7000 6.436376699999997 196000000
8000 9.349768400000002 256000000
3 0.008299100000002113 36
4 9.959999999864522e-05 64
10 6.659999999669708e-05 400
100 0.0008691999999967948 40000
1000 0.03831750000000511 4000000
2000 0.20905580000000157 16000000
3000 0.6133439000000038 36000000
4000 1.3302752000000027 64000000
5000 2.440688399999999 100000000
6000 4.3656825999999995 144000000
7000 7.401949000000002 196000000
8000 10.094430200000005 256000000
3 0.010158099999998171 36
4 0.00010399999999322063 64
10 9.260000000210766e-05 400
100 0.0011202999999966323 40000
1000 0.0392561000000029 4000000
2000 0.22162339999999858 16000000
3000 0.6167442999999935 36000000
4000 1.346962199999993 64000000
5000 2.4567102999999975 100000000
6000 4.123350000000002 144000000
7000 6.46513010000001 196000000
8000 9.391925300000025 256000000
3 0.01016480000001252 36
4 8.189999999785869e-05 64
10 5.200000001082117e-05 400
100 0.0025939999999877728 40000
1000 0.04013779999999656 4000000
2000 0.22134280000000217 16000000
3000 0.6132149000000027 36000000
4000 1.3180431000000112 64000000
5000 2.4343199999999854 100000000
6000 4.10684280000001 144000000
7000 6.399382300000013 196000000
8000 9.423233299999993 256000000
3 0.008107899999998835 36
4 0.0001962999999989279 64
10 5.430000001638291e-05 400
100 0.0012617000000147982 40000
1000 0.04240280000001917 4000000
2000 0.22170349999998962 16000000
3000 0.6115524999999877 36000000
4000 1.3194752999999935 64000000
5000 2.4905240999999876 100000000
6000 4.118073100000004 144000000
7000 6.424608199999994 196000000
8000 9.455278399999997 256000000
3 0.008931499999988546 36
4 7.020000001034532e-05 64
10 8.000000002539309e-05 400
100 0.0018871999999987565 40000
1000 0.03763059999999996 4000000
2000 0.22145780000002446 16000000
3000 0.612709499999994 36000000
4000 1.3637085999999954 64000000
5000 2.4530426999999975 100000000
6000 4.128554100000002 144000000
7000 6.426322099999993 196000000
8000 9.419701800000013 256000000
3 0.008188399999994544 36
4 7.22000000052958e-05 64
10 0.00010370000001103108 400
100 0.0010905999999977212 40000
1000 0.03565349999999512 4000000
2000 0.2027787000000103 16000000
3000 0.6246629999999982 36000000
4000 1.3302525999999943 64000000
5000 2.4684970000000135 100000000
6000 4.087731199999979 144000000
7000 6.434905399999991 196000000
8000 9.411396400000001 256000000
3 0.007998299999997016 36
4 0.0001238999999486623 64
10 0.00012060000000246873 400
100 0.0011561000000028798 40000
1000 0.03540739999999687 4000000
2000 0.2398584000000028 16000000
3000 0.6063778000000184 36000000
4000 1.310223600000029 64000000
5000 2.452057400000001 100000000
6000 4.098003399999982 144000000
7000 6.39037239999999 196000000
8000 9.463779400000021 256000000
