3 0.00020759999999997447 36
4 5.369999999998987e-05 64
10 0.0005493000000000303 400
100 0.0025236000000000147 40000
1000 0.02786310000000003 4000000
2000 0.11540630000000002 16000000
3000 0.362757 36000000
4000 0.6707089000000002 64000000
5000 1.2037277 100000000
6000 2.0241749999999996 144000000
7000 3.090941300000001 196000000
8000 4.870712699999999 256000000
3 0.008013800000000515 36
4 0.00010500000000135401 64
10 0.00012470000000064374 400
100 0.0009735999999982425 40000
1000 0.019584699999999344 4000000
2000 0.10645249999999962 16000000
3000 0.3115743000000002 36000000
4000 0.824413400000001 64000000
5000 1.1540197999999968 100000000
6000 1.9620517 144000000
7000 3.0855529999999973 196000000
8000 4.6068663 256000000
3 0.008143700000005083 36
4 8.460000000098944e-05 64
10 0.00015900000000357295 400
100 0.0009532999999990466 40000
1000 0.021418599999996957 4000000
2000 0.10725490000000093 16000000
3000 0.2936560000000057 36000000
4000 0.6422805999999994 64000000
5000 1.164171600000003 100000000
6000 1.9314487999999983 144000000
7000 3.058451500000004 196000000
8000 4.583883800000002 256000000
3 0.01007059999999882 36
4 8.009999999813999e-05 64
10 0.00012759999999900629 400
100 0.0015429999999980737 40000
1000 0.025960400000002437 4000000
2000 0.10421699999999845 16000000
3000 0.30455849999999884 36000000
4000 0.6358333000000016 64000000
5000 1.1602541999999971 100000000
6000 1.9522554999999997 144000000
7000 3.0651830000000047 196000000
8000 4.592164099999998 256000000
3 0.008527400000005514 36
4 7.870000000309574e-05 64
10 0.00014430000000231757 400
100 0.004449699999995005 40000
1000 0.021997100000007208 4000000
2000 0.10512649999999724 16000000
3000 0.33326250000000357 36000000
4000 0.6290103000000045 64000000
5000 1.1677970000000073 100000000
6000 1.9339441999999991 144000000
7000 3.0492200000000054 196000000
8000 4.572977100000003 256000000
3 0.008101199999998698 36
4 7.939999998995972e-05 64
10 0.00010729999999625761 400
100 0.001420899999999392 40000
1000 0.02165589999999895 4000000
2000 0.10559720000000539 16000000
3000 0.29417929999999615 36000000
4000 0.6260362999999955 64000000
5000 1.1645989000000014 100000000
6000 1.9375891999999908 144000000
7000 3.1180425999999954 196000000
8000 4.5909625999999975 256000000
3 0.008181600000000344 36
4 7.999999999697138e-05 64
10 0.00014840000000049258 400
100 0.0009289000000052283 40000
1000 0.020850199999998154 4000000
2000 0.10401149999999859 16000000
3000 0.29074150000001 36000000
4000 0.6489970000000085 64000000
5000 1.152698199999989 100000000
6000 1.945472499999994 144000000
7000 3.065556100000009 196000000
8000 4.564154500000001 256000000
3 0.008549000000002138 36
4 7.750000000328328e-05 64
10 0.0001130999999929827 400
100 0.0016580000000061546 40000
1000 0.022423599999996213 4000000
2000 0.10806060000000173 16000000
3000 0.29497469999999737 36000000
4000 0.6389435000000105 64000000
5000 1.160162900000003 100000000
6000 1.9383004000000028 144000000
7000 3.122050200000004 196000000
8000 4.595321799999994 256000000
3 0.007735300000007328 36
4 7.920000000183336e-05 64
10 0.00012000000000966793 400
100 0.0009682000000026392 40000
1000 0.01978239999999687 4000000
2000 0.10380810000000906 16000000
3000 0.2934162000000242 36000000
4000 0.6420977000000221 64000000
5000 1.1615392000000213 100000000
6000 1.9448802999999941 144000000
7000 3.0431858000000034 196000000
8000 4.616710100000006 256000000
3 0.008519300000017438 36
4 7.890000000543296e-05 64
10 0.0005608999999822117 400
100 0.0017458000000090124 40000
1000 0.020194800000012947 4000000
2000 0.1034889000000021 16000000
3000 0.30350530000001186 36000000
4000 0.6352516000000037 64000000
5000 1.1603680000000054 100000000
6000 1.928630499999997 144000000
7000 3.056226900000013 196000000
8000 4.577586499999995 256000000
