10 8.489999999999887e-05 0.00028210000000000734 
100 0.00015209999999998836 0.0005711999999999939 
1000 0.013164500000000023 0.02011839999999998 
1500 0.02904300000000004 0.045147599999999954 
2000 0.06100230000000001 0.09853190000000006 
2500 0.09909869999999998 0.16281809999999997 
3000 0.14969390000000005 0.2615534999999999 
3500 0.20580779999999987 0.35963140000000005 
4000 0.2776883000000001 0.5175562 
4500 0.34655009999999997 0.7559524999999998 
5000 0.43300189999999983 0.9291602000000001 
5500 0.5325439000000003 1.2408760999999995 
6000 0.647939 1.577170999999999 
6500 0.7572022 2.0017480999999986 
10 0.01045940000000023 0.00011090000000102407 
100 0.00012169999999933623 0.0005053999999997671 
1000 0.012555700000000058 0.01966000000000001 
1500 0.029310699999999912 0.044332599999998834 
2000 0.06072370000000049 0.09842060000000075 
2500 0.09932490000000094 0.17115860000000005 
3000 0.1468077999999995 0.24750190000000138 
3500 0.20347830000000044 0.377730699999999 
4000 0.27673280000000133 0.5059037999999987 
4500 0.35528709999999997 0.6629109999999994 
5000 0.4494952999999988 0.9418203000000016 
5500 0.5296730000000025 1.222959399999997 
6000 0.6414849999999994 1.6051154000000025 
6500 0.7587030000000006 2.009802399999998 
10 0.010980999999997465 0.00011760000000293758 
100 8.330000000000837e-05 0.0003643000000010943 
1000 0.01262660000000082 0.019279699999998456 
1500 0.02928009999999759 0.04589460000000045 
2000 0.06123410000000007 0.09848610000000235 
2500 0.09941120000000225 0.160628599999999 
3000 0.14673339999999868 0.25063490000000144 
3500 0.2258671999999997 0.3614543999999995 
4000 0.2773742999999982 0.5120933000000001 
4500 0.3477981999999997 0.6956369000000002 
5000 0.4361007000000008 0.9241048999999997 
5500 0.5364144000000017 1.2254147999999994 
6000 0.6489854000000008 1.5895304999999986 
6500 0.7631617999999953 1.9970676000000012 
10 0.010677399999998727 0.00011510000000214404 
100 7.519999999772153e-05 0.00038630000000239306 
1000 0.012852899999998613 0.018940900000004035 
1500 0.029212499999999864 0.04545919999999626 
2000 0.061233599999994226 0.09812769999999915 
2500 0.09891740000000482 0.16129749999999632 
3000 0.16385520000000042 0.2492835000000042 
3500 0.2041243000000037 0.3594687999999948 
4000 0.2860125999999994 0.502066499999998 
4500 0.3581226000000015 0.708128600000002 
5000 0.44157720000000467 0.915247100000002 
5500 0.5310984999999988 1.2438851 
6000 0.6474069 1.5975640999999996 
6500 0.7544837999999956 2.0265949000000063 
10 0.01076929999999976 0.00010999999999938836 
100 7.279999999809661e-05 0.000388700000002018 
1000 0.014026100000002373 0.024959000000002618 
1500 0.033626399999995726 0.04360510000000062 
2000 0.06070019999999943 0.09956520000000069 
2500 0.09862449999999967 0.16027509999999978 
3000 0.14695050000000265 0.25124410000000097 
3500 0.2138200999999995 0.35915329999999557 
4000 0.2764837 0.5146610000000038 
4500 0.34664550000000105 0.6968044999999989 
5000 0.4336814999999987 0.9332846000000004 
5500 0.533338900000004 1.2211061 
6000 0.6480412000000015 1.5828259000000031 
6500 0.762015500000004 1.999290600000002 
10 0.01115100000000524 0.00010779999999499523 
100 7.560000000239597e-05 0.0003687999999968383 
1000 0.012907800000000691 0.019486499999999296 
1500 0.02901700000000318 0.04539690000000007 
2000 0.06084539999999805 0.09822580000000158 
2500 0.09940230000000128 0.16028079999999534 
3000 0.16231009999999912 0.25638440000000173 
3500 0.20345959999999508 0.3598406000000054 
4000 0.2873638000000014 0.5004741000000053 
4500 0.35504310000000316 0.7006399999999999 
5000 0.4436903000000001 0.9510146999999947 
5500 0.5288802999999973 1.238682499999996 
6000 0.652260400000003 1.5785978999999912 
6500 0.75424000000001 2.0400418999999914 
10 0.0110870000000034 0.00011750000000176897 
100 7.850000000075852e-05 0.00046050000000263935 
1000 0.012750099999990994 0.019795800000011354 
1500 0.03153679999999781 0.05175320000000738 
2000 0.06341000000000463 0.0986937999999924 
2500 0.09892619999999397 0.16092500000000598 
3000 0.14679879999999912 0.25043390000000443 
3500 0.2137405000000001 0.38444600000001117 
4000 0.27683019999999203 0.5308524999999946 
4500 0.3468762000000112 0.6942162999999937 
5000 0.4348264999999998 0.9206855999999988 
5500 0.5324838999999884 1.2300399000000084 
6000 0.6466814999999997 1.580477700000003 
6500 0.7825907000000001 2.0048883000000046 
10 0.010940700000006132 0.00011200000000144428 
100 6.919999999865922e-05 0.0003391999999990958 
1000 0.013008700000000317 0.01923459999999011 
1500 0.029117300000010005 0.044708399999990434 
2000 0.06101669999999615 0.09895629999999755 
2500 0.09926109999999255 0.16263430000000767 
3000 0.1622345999999908 0.24670310000000484 
3500 0.20327640000000713 0.36082050000000265 
4000 0.28517800000000193 0.504852299999996 
4500 0.3546163999999976 0.7151341000000002 
5000 0.443382100000008 0.9726218999999929 
5500 0.5280112000000088 1.2172861999999895 
6000 0.6506394999999969 1.5909999 
6500 0.7517998000000006 2.006317899999999 
10 0.010596100000000774 0.00011330000000953078 
100 7.420000000024629e-05 0.0003383999999897469 
1000 0.012356699999998 0.019360800000001177 
1500 0.029502699999994775 0.05763079999999832 
2000 0.061046300000001 0.09989119999998763 
2500 0.09886740000000316 0.1611563000000018 
3000 0.14645939999999769 0.24870559999999386 
3500 0.21229449999999872 0.35918519999999887 
4000 0.2778627 0.5424650000000071 
4500 0.3488930000000039 0.719009899999989 
5000 0.4333580999999924 0.9282067999999981 
5500 0.5371312000000046 1.2195834000000048 
6000 0.6462580999999972 1.5863379000000037 
6500 0.7548895000000044 2.0216656000000057 
10 0.01155260000000169 0.00010589999999410793 
100 7.109999999954653e-05 0.00035750000000689397 
1000 0.012664599999993698 0.017672399999995037 
1500 0.0287532999999911 0.044937000000004446 
2000 0.06109779999999887 0.10008559999999989 
2500 0.09920920000000422 0.16032989999999359 
3000 0.16194509999999696 0.24916340000000048 
3500 0.2038675000000012 0.3605744000000044 
4000 0.2857707000000005 0.5201230999999922 
4500 0.3569710000000015 0.6742895999999945 
5000 0.4447546000000102 0.9531357999999983 
5500 0.5281759000000079 1.2648228000000046 
6000 0.6477742000000006 1.5923985000000016 
6500 0.7528344999999916 2.0184076000000033 
