10 0.001161100000000026 0.0051210999999999895 
100 0.0009253000000000178 0.015749899999999872 
1000 0.0009776999999999703 0.19406469999999998 
1500 0.0009981000000001128 0.32056379999999973 
2000 0.001016599999999812 0.4788469000000002 
2500 0.0011025000000000063 0.7332123999999998 
3000 0.001124299999999856 0.9755362999999999 
3500 0.001281600000000438 1.2629140999999997 
4000 0.0012863000000002955 1.5843091999999999 
4500 0.0016036000000001494 2.1588355999999997 
5000 0.0014929999999999666 2.6364134999999997 
10 0.0008420000000004535 0.011763099999999582 
100 0.0007825999999990785 0.014233000000000828 
1000 0.0008528999999999343 0.1860905000000006 
1500 0.0009566999999996995 0.3076085000000006 
2000 0.0009771999999994563 0.4868056000000003 
2500 0.0010591000000008677 0.702153599999999 
3000 0.0010753000000001123 0.9794315000000005 
3500 0.0013794000000011408 1.253658399999999 
4000 0.0011810000000007648 1.552048300000001 
4500 0.0013973000000007119 2.1591545999999973 
5000 0.0014524000000015747 2.6291136 
10 0.0010225999999988744 0.01145789999999991 
100 0.001148300000000546 0.014273199999998099 
1000 0.0009417000000020437 0.1843041999999997 
1500 0.0009766999999989423 0.3098126999999984 
2000 0.0010486000000007323 0.46384459999999805 
2500 0.0011575999999990927 0.7066400000000002 
3000 0.0013995999999991682 0.9759381999999981 
3500 0.0012894000000009953 1.2576664999999991 
4000 0.0013734999999996944 1.5849960000000003 
4500 0.001406400000000474 2.1375803999999974 
5000 0.0014375999999991507 2.6227965999999974 
10 0.0008699999999990382 0.011665199999995934 
100 0.0008497999999974581 0.014402599999996823 
1000 0.0009224999999943861 0.18485890000000182 
1500 0.0009831999999931895 0.3076656 
2000 0.001019399999997006 0.46369800000000083 
2500 0.0011008999999972957 0.7166284999999988 
3000 0.0012242999999969584 0.9671729000000013 
3500 0.001281099999999924 1.2649838999999972 
4000 0.0013919000000015558 1.5873014000000012 
4500 0.0014645000000044206 2.158141999999998 
5000 0.0015055000000003815 2.6350261999999987 
10 0.0009652999999971712 0.010942100000001176 
100 0.0009097000000011235 0.014566500000000815 
1000 0.0008971999999971558 0.19007450000000148 
1500 0.0010016999999962195 0.30917360000000116 
2000 0.0010353999999992425 0.4605528000000021 
2500 0.0010575000000017099 0.702027600000001 
3000 0.0011212000000000444 0.9533075999999951 
3500 0.001342400000005739 1.2633875999999944 
4000 0.0013840999999956694 1.550414400000001 
4500 0.0014082000000001926 2.126244799999995 
5000 0.0014351000000019098 2.615956699999998 
10 0.0011273999999943385 0.012380200000002617 
100 0.0007634000000038554 0.014828899999997702 
1000 0.000964800000005539 0.18540769999999895 
1500 0.0009276999999983104 0.30543570000000386 
2000 0.000996000000000663 0.4610812000000024 
2500 0.0010460000000023228 0.6983280999999977 
3000 0.0010544999999950733 0.970733800000005 
3500 0.0011733000000049287 1.240439699999996 
4000 0.0012270999999941523 1.5420097000000013 
4500 0.0015816000000015151 2.1805351 
5000 0.0013427000000021394 2.6110272999999964 
10 0.001100399999998558 0.01224480000000483 
100 0.0012303000000031261 0.01488419999999735 
1000 0.0008509000000032074 0.18536410000000103 
1500 0.000939299999998866 0.3097487000000001 
2000 0.0009743000000028701 0.4577825000000004 
2500 0.001023099999997612 0.705424800000003 
3000 0.0011547999999947933 0.9703125000000057 
3500 0.00109790000000487 1.236036999999996 
4000 0.0014558000000022275 1.5848215000000039 
4500 0.0014342000000056032 2.161650100000003 
5000 0.0014082999999942558 2.6354261000000037 
10 0.0009103000000010297 0.012298000000001252 
100 0.0008172999999942476 0.014353800000009187 
1000 0.0011759000000068909 0.1869779999999963 
1500 0.0009613000000001648 0.31264670000000194 
2000 0.001036099999993212 0.4623349000000019 
2500 0.0012739999999951124 0.7317521000000085 
3000 0.0011599000000046544 0.9679512999999957 
3500 0.0012538000000006377 1.2886117999999982 
4000 0.0014048000000030925 1.5617402999999968 
4500 0.0014610000000061518 2.1450011000000018 
5000 0.001364100000003532 2.614718499999995 
10 0.0010945999999876221 0.015021600000011404 
100 0.001107000000004632 0.015424299999992286 
1000 0.0013049000000080468 0.18635909999999 
1500 0.0009433000000029779 0.30609309999999823 
2000 0.001013899999989576 0.46002580000001103 
2500 0.0010620000000045593 0.699651799999998 
3000 0.001086299999997209 0.9521541000000013 
3500 0.0012948000000108095 1.2515734999999921 
4000 0.0013888999999949192 1.5534477000000066 
4500 0.005859299999997347 2.1607183999999933 
5000 0.0014340999999973292 2.6017355000000038 
10 0.001019900000002849 0.012088400000010324 
100 0.0007973999999961734 0.014508200000008742 
1000 0.0008397000000002208 0.18578089999999747 
1500 0.0009742000000017015 0.30631640000000004 
2000 0.0010146000000048616 0.46113769999999477 
2500 0.001033000000006723 0.6962623000000008 
3000 0.0010742000000050211 0.9692422999999906 
3500 0.0012840999999923497 1.2446323000000064 
4000 0.0011074000000093065 1.553680099999994 
4500 0.0014956999999924392 2.138414400000002 
5000 0.0014017000000023927 2.616320399999992 
