10 6.820000000001825e-05 0.00017879999999997898 
100 0.00015210000000004387 0.0020755999999999553 
1000 0.012716399999999961 0.03594459999999999 
1500 0.02896749999999998 0.07236360000000003 
2000 0.06075180000000002 0.16201290000000002 
2500 0.09875690000000004 0.3044646999999999 
3000 0.15198669999999992 0.6012355 
3500 0.20956679999999994 0.8604582999999999 
4000 0.2788667 1.2121431 
4500 0.35110569999999974 1.7930006 
5000 0.4395660000000001 2.3702774 
5500 0.5368364000000003 2.8169980999999993 
10 0.008110799999998974 0.009192399999999878 
100 0.00011310000000008813 0.0012109000000002368 
1000 0.012465300000000568 0.03091019999999922 
1500 0.028986999999998986 0.07735219999999998 
2000 0.06764809999999954 0.16159370000000095 
2500 0.09918359999999993 0.2834872999999991 
3000 0.1469794000000011 0.48368750000000027 
3500 0.20433910000000033 0.7384257000000005 
4000 0.27816759999999974 1.0944016999999988 
4500 0.34854040000000097 1.5397306999999998 
5000 0.4329464999999999 2.0727408999999994 
5500 0.5283306999999979 2.7773524000000016 
10 0.008636700000000275 0.007763100000001799 
100 0.00013030000000213704 0.000834299999997512 
1000 0.013218099999999566 0.029157800000000123 
1500 0.02995950000000036 0.07046649999999843 
2000 0.06139660000000191 0.1597609999999996 
2500 0.09937609999999708 0.28888470000000055 
3000 0.15576330000000027 0.4729486999999999 
3500 0.20367569999999802 0.7490957000000016 
4000 0.2771125999999988 1.0970067000000014 
4500 0.34797860000000114 1.5245697999999983 
5000 0.43324289999999976 2.103021100000003 
5500 0.5306581999999977 2.787897600000001 
10 0.007428400000002 0.008714499999996406 
100 0.00011130000000036944 0.0013474000000002206 
1000 0.012473700000001031 0.029292200000000435 
1500 0.029251699999996106 0.07278660000000059 
2000 0.06469369999999941 0.1684624000000028 
2500 0.09873029999999972 0.2838525999999959 
3000 0.14697739999999726 0.4918018000000046 
3500 0.2047338999999937 0.7424012000000033 
4000 0.2795425999999992 1.093112099999999 
4500 0.353272000000004 1.5519126999999955 
5000 0.43372289999999936 2.090071000000002 
5500 0.5324200000000019 2.769866399999998 
10 0.007521300000000508 0.00936060000000083 
100 0.0002990000000053783 0.0015266999999994368 
1000 0.013140200000002267 0.02912539999999808 
1500 0.02911100000000033 0.07355929999999944 
2000 0.06124549999999829 0.1607245000000006 
2500 0.09907079999999979 0.2867974999999987 
3000 0.15873420000000493 0.47219099999999514 
3500 0.20368589999999642 0.7477712000000025 
4000 0.27744040000000325 1.0949170000000024 
4500 0.348983699999998 1.546676099999999 
5000 0.4342809000000045 2.098537399999998 
5500 0.5302818000000045 2.7898078999999996 
10 0.008174900000000207 0.008347399999998117 
100 0.00011200000000144428 0.0008476000000001704 
1000 0.012831500000004326 0.032202399999995635 
1500 0.029258900000002086 0.07060389999999472 
2000 0.061518499999998255 0.16475430000000557 
2500 0.10615089999999583 0.28408980000000383 
3000 0.14683369999999485 0.4897088000000025 
3500 0.20495640000000037 0.7348259000000041 
4000 0.276368699999999 1.1091068000000064 
4500 0.3502662000000001 1.530979699999996 
5000 0.4304747000000049 2.0872367999999994 
5500 0.5300221000000107 2.7740893 
10 0.007382399999997347 0.008105299999996873 
100 0.00012010000000373111 0.0007347999999893773 
1000 0.013150500000008947 0.029138899999992418 
1500 0.029054400000006808 0.07032949999999971 
2000 0.06097800000000575 0.15965869999999427 
2500 0.09903570000000173 0.30809279999999717 
3000 0.1600418000000019 0.4770108000000022 
3500 0.2042326999999915 0.7508075000000076 
4000 0.27791220000000294 1.1051793999999973 
4500 0.3494540000000086 1.5314987999999943 
5000 0.43382830000000183 2.075771099999997 
5500 0.5282363000000032 2.7781487000000027 
10 0.007943700000012655 0.007525899999990315 
100 0.00010620000000471919 0.0008960999999914065 
1000 0.012787699999989854 0.028885700000003567 
1500 0.028956500000006713 0.07336619999999527 
2000 0.061019100000009985 0.16491719999999077 
2500 0.11108510000001104 0.28897769999998957 
3000 0.1478829999999931 0.48723730000000387 
3500 0.20546480000000145 0.7295201999999961 
4000 0.2844368000000088 1.0850319999999982 
4500 0.34709250000000225 1.5176404000000048 
5000 0.45381679999999847 2.0856072999999924 
5500 0.5297725000000071 2.7484512999999993 
10 0.008186600000001931 0.010036099999993553 
100 0.0002324000000015758 0.0013297999999934973 
1000 0.016535400000009304 0.028975299999999038 
1500 0.02897109999999259 0.07048240000000305 
2000 0.061436999999997965 0.16444710000000384 
2500 0.09897739999999544 0.29604190000000585 
3000 0.1494361999999967 0.47885610000000156 
3500 0.20531989999999212 0.7464246000000117 
4000 0.2762139000000019 1.090329600000004 
4500 0.3497557000000029 1.519664800000001 
5000 0.43585500000000366 2.102534300000002 
5500 0.5263762000000014 2.7785981999999905 
10 0.007261400000004414 0.009470499999991944 
100 0.00010660000000939363 0.0014460999999954538 
1000 0.012723100000002319 0.028637900000006766 
1500 0.02920589999999379 0.07135309999999606 
2000 0.061469999999999914 0.15961360000000013 
2500 0.09943669999999827 0.29667939999998794 
3000 0.15330490000000907 0.47799039999999593 
3500 0.20631790000000194 0.7337058999999897 
4000 0.28234860000000594 1.0923235000000062 
4500 0.3464113999999938 1.523681300000007 
5000 0.43391899999998884 2.084685399999998 
5500 0.5323477000000025 2.7564789000000047 
