10 0.0010493999999999781 0.00018380000000001173 
100 0.00076550000000003 0.00015799999999999148 
1000 0.0007336000000000009 0.0006151999999999824 
1500 0.0009137999999999646 0.000856300000000032 
2000 0.0008445000000000258 0.0010940999999999867 
2500 0.0011154999999999915 0.0013754000000000266 
3000 0.0011845999999999801 0.0016367999999999938 
3500 0.0010205999999999826 0.0017273000000000427 
4000 0.0011811999999999934 0.0020427000000000084 
4500 0.0011585000000000067 0.0027654999999999763 
5000 0.0016791999999999918 0.0024672000000000027 
5500 0.0012997000000000147 0.0029013999999999984 
6000 0.001553400000000038 0.0031858999999999638 
6500 0.0017177999999999916 0.0027124000000000037 
7000 0.0014133000000000062 0.0031222999999999668 
7500 0.0015201000000000242 0.0035391000000000172 
8000 0.001733100000000043 0.003581999999999974 
8500 0.0015815000000000135 0.003788899999999984 
9000 0.0019842999999999944 0.0040495999999999865 
9500 0.002057399999999987 0.004001900000000003 
10000 0.0021841999999999695 0.004566500000000029 
10500 0.0018488999999999867 0.004531000000000007 
11000 0.0022594000000000225 0.005086299999999988 
11500 0.001809100000000008 0.004908899999999994 
12000 0.0024676000000000142 0.005276700000000023 
12500 0.0020368000000000053 0.005408499999999983 
13000 0.0022112000000000243 0.005773699999999993 
13500 0.0021089000000000246 0.006336100000000011 
14000 0.0022423000000000304 0.005911800000000023 
14500 0.002417699999999967 0.0062154000000000376 
15000 0.0021680000000000033 0.006468099999999977 
15500 0.0026633999999999824 0.006289900000000015 
16000 0.0031202000000000174 0.006517099999999998 
16500 0.0027146000000000114 0.00739709999999999 
17000 0.0027312000000000447 0.00699259999999996 
17500 0.003865400000000019 0.006931200000000026 
18000 0.002878700000000012 0.007655500000000037 
18500 0.0030767999999999907 0.008056899999999922 
19000 0.0035492999999999775 0.008567099999999939 
19500 0.0032136000000000386 0.008046699999999962 
20000 0.003788099999999961 0.008388599999999968 
10 0.0009333000000000258 0.00021360000000003598 
100 0.0010428999999999577 0.0001774999999999416 
1000 0.0010270999999999475 0.0006834000000000007 
1500 0.0010099999999999554 0.0008929000000000853 
2000 0.0009438999999999975 0.001163499999999984 
2500 0.0008966999999999725 0.0015013000000000387 
3000 0.0010726999999999265 0.001753900000000086 
3500 0.0010377999999999776 0.002329899999999996 
4000 0.001005100000000092 0.00215209999999999 
4500 0.001217899999999994 0.0023531999999999442 
5000 0.0013606999999999925 0.0030904000000000487 
5500 0.001411799999999963 0.002825700000000042 
6000 0.0014888000000000678 0.002884099999999945 
6500 0.0016907999999999923 0.0035134999999999472 
7000 0.0014119000000000215 0.0029089999999999394 
7500 0.0015889000000000042 0.0032799000000000023 
8000 0.0020703000000000804 0.003816700000000006 
8500 0.0017748999999999127 0.003548600000000013 
9000 0.0016856000000000648 0.004606800000000022 
9500 0.0019540999999999586 0.004101200000000027 
10000 0.0019599000000000144 0.004696499999999992 
10500 0.0019036999999999527 0.004695600000000022 
11000 0.001948599999999967 0.005373399999999973 
11500 0.0018620000000000303 0.005062899999999981 
12000 0.0019032999999999412 0.006022399999999983 
12500 0.0021033999999999775 0.005373300000000025 
13000 0.0025549000000000266 0.005533299999999963 
13500 0.002238199999999968 0.006090499999999999 
14000 0.002269400000000088 0.005930599999999897 
14500 0.0021124000000000143 0.006930800000000015 
15000 0.0021652999999999256 0.006568500000000088 
15500 0.0031917000000000195 0.006233500000000003 
16000 0.0022879999999999567 0.007374400000000003 
16500 0.0028159999999999297 0.007401500000000061 
17000 0.002749200000000007 0.006902499999999923 
17500 0.003115599999999996 0.007327799999999995 
18000 0.0028039000000000813 0.008097599999999927 
18500 0.0029550999999999883 0.008398600000000034 
19000 0.0029402000000000594 0.008122799999999986 
19500 0.0030417999999999834 0.00778230000000002 
20000 0.00399740000000004 0.00815049999999995 
10 0.0008905000000000163 0.00012119999999993247 
100 0.0008909000000000278 0.00016379999999993622 
1000 0.0009108999999999368 0.0007148000000000154 
1500 0.001589899999999922 0.0009162000000000337 
2000 0.0009541999999999051 0.0011565000000000047 
2500 0.0009740000000000304 0.0014096999999999582 
3000 0.00105069999999996 0.0015524000000000093 
3500 0.0012853000000000447 0.0019751000000000074 
4000 0.0014796000000000253 0.002134500000000039 
4500 0.0010974000000000261 0.002601900000000046 
5000 0.0011630000000000251 0.00279229999999997 
5500 0.0015897000000000272 0.0028991999999999907 
6000 0.0014538000000000606 0.002678999999999987 
6500 0.0014229000000000047 0.0029354000000000324 
7000 0.0016578000000000426 0.003136600000000045 
7500 0.001428300000000049 0.003152099999999991 
8000 0.0016321000000000252 0.0037756999999999374 
8500 0.0018735999999999198 0.003631800000000074 
9000 0.0016310999999999964 0.0039856000000000336 
9500 0.0021343000000000334 0.004130599999999984 
10000 0.0018597000000000197 0.004296599999999984 
10500 0.0021851999999999983 0.00466449999999996 
11000 0.001827799999999935 0.004844999999999988 
11500 0.0028367000000000253 0.005142300000000044 
12000 0.002013399999999943 0.005453200000000047 
12500 0.002916299999999983 0.005398199999999909 
13000 0.002547799999999989 0.006650800000000068 
13500 0.0022571999999999592 0.005932600000000066 
14000 0.0027873999999999954 0.006641800000000031 
14500 0.002647300000000019 0.0071152999999999356 
15000 0.0024163999999999852 0.006609899999999946 
15500 0.003359600000000018 0.006853500000000068 
16000 0.003193199999999896 0.007048500000000013 
16500 0.003305200000000008 0.008139700000000083 
17000 0.0023925000000000196 0.0077057000000000375 
17500 0.003746000000000027 0.007771199999999867 
18000 0.0035666000000000864 0.0071064999999999046 
18500 0.0033402000000000154 0.007710300000000059 
19000 0.002693100000000115 0.007969399999999904 
19500 0.003136399999999817 0.00817050000000008 
20000 0.0026420999999998696 0.007911400000000013 
10 0.0010007000000000765 0.00013770000000001836 
100 0.0009476000000001594 0.00018019999999996372 
1000 0.0008493999999998891 0.0006555999999999784 
1500 0.0008337999999998846 0.0008775000000000865 
2000 0.0009403999999999524 0.0010991000000000195 
2500 0.0009376999999999303 0.0012793000000002053 
3000 0.001016800000000151 0.0019271999999999068 
3500 0.0015975999999999768 0.001900299999999966 
4000 0.0012783999999999018 0.002505900000000061 
4500 0.0013786000000000076 0.002959000000000156 
5000 0.001569400000000165 0.002772899999999856 
5500 0.001654999999999962 0.0035245000000001525 
6000 0.0015813000000000077 0.003175799999999951 
6500 0.0015604999999998537 0.0027314000000000505 
7000 0.001476299999999986 0.002973200000000009 
7500 0.001655799999999985 0.003484599999999949 
8000 0.0018297000000000452 0.00334840000000014 
8500 0.0015671999999999908 0.0034686999999999912 
9000 0.0017066000000001136 0.003860599999999881 
9500 0.00167420000000007 0.003911200000000115 
10000 0.0016560000000001018 0.004722600000000021 
10500 0.0017823999999999618 0.004353000000000051 
11000 0.0017968999999999902 0.005294799999999933 
11500 0.0021389000000000546 0.004638200000000037 
12000 0.0019687999999999928 0.00524710000000006 
12500 0.0018620000000000303 0.005239400000000005 
13000 0.002190699999999879 0.0058427000000000895 
13500 0.0026112000000000357 0.005668800000000029 
14000 0.0025062999999998503 0.005706100000000047 
14500 0.0019801999999999875 0.006418000000000035 
15000 0.0023539999999999672 0.006046800000000019 
15500 0.002538799999999952 0.006278200000000123 
16000 0.0023362000000000105 0.007168500000000133 
16500 0.002521400000000007 0.006552399999999903 
17000 0.003157399999999866 0.006790000000000074 
17500 0.0025039999999998397 0.0074849000000001276 
18000 0.0024165000000000436 0.007116299999999853 
18500 0.003403299999999998 0.007496699999999912 
19000 0.0029751999999998446 0.008361700000000027 
19500 0.002577400000000063 0.008648099999999825 
20000 0.0033170999999998507 0.023157500000000164 
10 0.0010486999999999025 0.00020679999999995147 
100 0.0008283999999998404 0.00017790000000017514 
1000 0.0008601999999999776 0.0006881000000000803 
1500 0.0010383000000000475 0.0010025000000000173 
2000 0.0017214999999999314 0.0013297000000001002 
2500 0.0014279999999999848 0.001575800000000127 
3000 0.0013886999999999095 0.0014032999999999962 
3500 0.0010793000000000053 0.001389099999999921 
4000 0.0011107999999999674 0.0018388999999998656 
4500 0.000973899999999972 0.001919800000000027 
5000 0.0010784999999999823 0.002665399999999929 
5500 0.0013190000000000701 0.0025903000000000453 
6000 0.0013052999999998427 0.0027741000000001126 
6500 0.0016247000000000344 0.0026966999999999963 
7000 0.0011377000000001303 0.0027694999999998693 
7500 0.001301400000000008 0.003103599999999984 
8000 0.001354999999999995 0.003940300000000008 
8500 0.0013444000000000234 0.0034662999999999222 
9000 0.0016057000000000432 0.0031681999999999544 
9500 0.001968100000000028 0.0041184000000000776 
10000 0.0015522000000001146 0.0038099000000000327 
10500 0.0013511000000001605 0.004629499999999842 
11000 0.0019360999999999962 0.004915500000000073 
11500 0.0015427999999999553 0.005590800000000007 
12000 0.0016766999999999754 0.0051232000000001054 
12500 0.001803500000000069 0.0061388 
13000 0.001885100000000195 0.005418999999999841 
13500 0.0024933000000000316 0.005705299999999802 
14000 0.0019223000000001544 0.0062789999999999235 
14500 0.0026998999999998663 0.006066899999999986 
15000 0.002011800000000008 0.007267699999999877 
15500 0.0019455999999999918 0.006535600000000086 
16000 0.0027914000000002215 0.006650299999999998 
16500 0.002615000000000034 0.0077168999999999155 
17000 0.0025367999999998947 0.007766799999999963 
17500 0.002602999999999911 0.007870700000000008 
18000 0.00360119999999986 0.007582200000000094 
18500 0.003787899999999844 0.008068500000000034 
19000 0.003560600000000136 0.008276599999999856 
19500 0.0029505999999999144 0.009588099999999988 
20000 0.0024135999999999047 0.009500800000000087 
10 0.0010881000000000363 0.00016829999999989909 
100 0.0009689999999999976 0.00016130000000003086 
1000 0.0009620000000001294 0.0006477000000000288 
1500 0.0009979999999998324 0.0008848000000001299 
2000 0.0015072999999998782 0.0013967000000001395 
2500 0.001697400000000071 0.0015172999999999437 
3000 0.0010825000000000973 0.0015457999999999306 
3500 0.001005099999999981 0.0018048000000001618 
4000 0.0010638000000000591 0.0024690000000000545 
4500 0.0011807999999999819 0.0025112000000000467 
5000 0.001101600000000147 0.002653999999999934 
5500 0.0013079000000000285 0.0027513999999999594 
6000 0.001926199999999989 0.0032592000000000176 
6500 0.001658700000000124 0.0026391999999999527 
7000 0.0012897000000000602 0.002992099999999942 
7500 0.0013562000000000296 0.003707099999999963 
8000 0.0014727000000001045 0.0034007000000000343 
8500 0.001277900000000054 0.003960600000000092 
9000 0.0021214999999998874 0.00396759999999996 
9500 0.0014609000000000982 0.004458999999999991 
10000 0.0021463999999999928 0.0043096000000000245 
10500 0.0017450000000001076 0.004637000000000002 
11000 0.0023931999999999842 0.004789500000000002 
11500 0.0016443999999999903 0.004981100000000183 
12000 0.003016399999999919 0.0052803000000001266 
12500 0.0017917000000000627 0.0059131000000001155 
13000 0.0021189000000001457 0.005442100000000005 
13500 0.0019141000000000297 0.006251200000000123 
14000 0.0018234000000001416 0.005628799999999989 
14500 0.0021936000000000178 0.006370599999999893 
15000 0.0019841999999998805 0.0063155000000001404 
15500 0.0021089999999999165 0.00628340000000005 
16000 0.0020815999999999057 0.006923299999999966 
16500 0.0022558999999999774 0.006680100000000078 
17000 0.002354199999999862 0.00661299999999998 
17500 0.0021223999999999688 0.007162099999999949 
18000 0.0021919000000001354 0.0075760999999998635 
18500 0.0021708000000000283 0.007230100000000128 
19000 0.0025781000000000276 0.007525100000000062 
19500 0.002360300000000093 0.008286900000000097 
20000 0.002305400000000013 0.008183999999999969 
10 0.0010596999999998857 0.000124800000000036 
100 0.0006374000000000102 0.00015239999999994147 
1000 0.0006839000000000706 0.0006573999999999192 
1500 0.0009304999999999453 0.0007751000000000285 
2000 0.0008007000000000986 0.0008204000000000544 
2500 0.0008152999999999633 0.001053600000000099 
3000 0.0010923999999998824 0.0015057000000000542 
3500 0.0011935000000000695 0.001727800000000057 
4000 0.0009542999999998525 0.001959500000000114 
4500 0.0011678999999999995 0.0022750999999998633 
5000 0.001165399999999872 0.002572299999999972 
5500 0.0013241999999999976 0.0024865999999998945 
6000 0.00118190000000018 0.0024577999999997324 
6500 0.0011347999999999914 0.0023257999999999335 
7000 0.0014936999999997091 0.00300760000000011 
7500 0.0011724000000001844 0.0031029000000000195 
8000 0.001364299999999652 0.0033186000000000604 
8500 0.0017743000000001174 0.003321199999999802 
9000 0.0013246000000002311 0.0036415999999999116 
9500 0.001551800000000103 0.003931499999999755 
10000 0.0019412999999999236 0.0041367999999999405 
10500 0.0016335000000000655 0.004397099999999821 
11000 0.001989699999999761 0.004365200000000069 
11500 0.0017175999999996527 0.004747100000000337 
12000 0.0022397000000000666 0.004986399999999946 
12500 0.0019202999999996528 0.005507400000000384 
13000 0.002169100000000146 0.005220899999999862 
13500 0.0022132999999997516 0.005947100000000205 
14000 0.002251799999999804 0.005669200000000263 
14500 0.002558700000000247 0.0062077999999998745 
15000 0.0018609000000000542 0.006444699999999859 
15500 0.0027097999999998734 0.006271900000000219 
16000 0.0023916999999999966 0.006625600000000009 
16500 0.002559299999999709 0.008834100000000067 
17000 0.003491600000000261 0.008987999999999996 
17500 0.0027653000000000816 0.007018299999999922 
18000 0.003311800000000087 0.008176399999999973 
18500 0.0030120000000000147 0.007740599999999986 
19000 0.002719599999999822 0.00810320000000031 
19500 0.0026508999999999006 0.008360399999999935 
20000 0.0027410999999997188 0.008337400000000272 
10 0.0010225000000003703 0.00011989999999961753 
100 0.001174999999999926 0.00015879999999990346 
1000 0.0007616999999999763 0.0005429000000001238 
1500 0.0007995000000002861 0.0005747999999998754 
2000 0.0008887999999998009 0.0010356000000002474 
2500 0.0009771999999999004 0.0013814000000000881 
3000 0.001043200000000244 0.0017356999999997846 
3500 0.00160910000000003 0.001767299999999583 
4000 0.0009497000000000533 0.0019876999999999256 
4500 0.0010284999999998767 0.002208299999999941 
5000 0.0010319999999999219 0.0026386000000000465 
5500 0.0013393000000001543 0.0023583000000000354 
6000 0.0010556999999997707 0.0024295000000003064 
6500 0.0012785000000001823 0.0028217999999999854 
7000 0.0016903999999997588 0.0030565000000000175 
7500 0.001499499999999987 0.003070800000000151 
8000 0.0013908000000002474 0.0030158999999998493 
8500 0.0014254999999998574 0.0035153999999999463 
9000 0.0012577999999998646 0.003210700000000344 
9500 0.0012402000000002467 0.0036385999999999363 
10000 0.0021404000000000423 0.0036662999999999 
10500 0.0012492000000001724 0.004131499999999733 
11000 0.001735800000000065 0.00492859999999995 
11500 0.0013910999999997564 0.004570200000000302 
12000 0.0015054999999999374 0.005061500000000052 
12500 0.0014850000000001806 0.0045458999999996585 
13000 0.0015455000000001995 0.005730400000000024 
13500 0.001719800000000049 0.005645599999999806 
14000 0.002383299999999977 0.005856899999999943 
14500 0.0022025999999999435 0.0059747000000003325 
15000 0.0021732999999999336 0.005735800000000069 
15500 0.0016751000000003735 0.0062605999999996165 
16000 0.0015659999999999563 0.005960700000000152 
16500 0.0019392000000002518 0.006406799999999713 
17000 0.0019530999999997078 0.006826699999999963 
17500 0.0021669000000001937 0.006412099999999921 
18000 0.0018794999999998119 0.007226100000000013 
18500 0.0018326999999995763 0.006894100000000236 
19000 0.0021295000000001174 0.006983700000000148 
19500 0.0020781000000003047 0.007602099999999723 
20000 0.001765900000000098 0.007576199999999922 
10 0.001353899999999797 0.00018859999999998323 
100 0.0007804000000000144 0.00017770000000005837 
1000 0.000811499999999743 0.0006669999999999732 
1500 0.0009281000000003203 0.0009539999999996773 
2000 0.0009389999999998011 0.0010973999999999151 
2500 0.0008200000000000429 0.0012766999999995754 
3000 0.0011955999999999634 0.0016479000000000354 
3500 0.0010664000000000229 0.0016921000000000852 
4000 0.0009350999999999665 0.0019196999999997466 
4500 0.0010476000000001484 0.002208599999999894 
5000 0.0012467999999996593 0.00269660000000016 
5500 0.0012134999999999785 0.0026282000000001915 
6000 0.0010745000000000893 0.0025086999999999193 
6500 0.0011639999999997208 0.002569900000000125 
7000 0.001482199999999878 0.0027826000000001905 
7500 0.0010802000000000866 0.0027943999999999747 
8000 0.0011548999999999587 0.0033679000000002013 
8500 0.001383200000000251 0.0032482999999996487 
9000 0.0012311999999998768 0.0033746000000003384 
9500 0.0014287999999997858 0.004259600000000141 
10000 0.0017572000000001253 0.0035335999999999146 
10500 0.0014159000000000255 0.00447109999999995 
11000 0.0015664000000001899 0.004393299999999822 
11500 0.0015888999999997822 0.00444230000000001 
12000 0.0017996000000000123 0.005113499999999771 
12500 0.0016657000000002142 0.0051016000000001505 
13000 0.0019476000000002713 0.005140499999999992 
13500 0.0016117000000002157 0.0050322999999998785 
14000 0.0016468000000000593 0.005412100000000031 
14500 0.002323300000000028 0.00632559999999982 
15000 0.002265700000000148 0.006137199999999954 
15500 0.0024315999999999782 0.00666100000000025 
16000 0.0022538000000000835 0.006698300000000046 
16500 0.0025238999999999123 0.0065110000000001556 
17000 0.002532900000000282 0.00713140000000001 
17500 0.0025295000000000734 0.0075816999999998025 
18000 0.0027791999999999817 0.006919900000000201 
18500 0.003758499999999998 0.006927899999999987 
19000 0.002809099999999898 0.007878199999999946 
19500 0.0029854999999998633 0.007924500000000112 
20000 0.002852300000000252 0.0076960999999999835 
10 0.0011765000000001358 0.0001369000000002174 
100 0.0008196000000002535 0.00015869999999962303 
1000 0.0007738000000001577 0.000534699999999777 
1500 0.0008819999999998274 0.000662699999999905 
2000 0.0008175999999999739 0.0008271999999998059 
2500 0.0008164999999999978 0.0011543000000000525 
3000 0.0009943999999997288 0.0017281000000002322 
3500 0.001235799999999898 0.001837399999999878 
4000 0.0010631999999999309 0.0018472000000002708 
4500 0.0010148000000000934 0.002135299999999951 
5000 0.000987499999999919 0.002527000000000168 
5500 0.0012470000000002202 0.0026407999999999987 
6000 0.0010940000000001504 0.0024522000000000155 
6500 0.0012870000000000381 0.0026759000000002864 
7000 0.0016090000000001936 0.0030698999999998478 
7500 0.0011735999999999969 0.0028784000000001697 
8000 0.0014617999999999576 0.0033913999999999334 
8500 0.0024234000000000755 0.004077699999999851 
9000 0.0017147999999997943 0.0037755000000001537 
9500 0.002135800000000021 0.004215499999999928 
10000 0.0016765000000003027 0.009291600000000066 
10500 0.0015446999999997324 0.005267200000000027 
11000 0.0016647000000000745 0.004738600000000037 
11500 0.0025092999999998256 0.004796900000000104 
12000 0.00192060000000005 0.0313083999999999 
12500 0.001365399999999628 0.006440700000000188 
13000 0.0016891999999999463 0.005087000000000064 
13500 0.00300810000000018 0.005496500000000015 
14000 0.0017529999999998935 0.005861299999999847 
14500 0.002381399999999978 0.005462799999999657 
15000 0.0019017999999997315 0.006604300000000229 
15500 0.0023778000000000965 0.006323200000000195 
16000 0.002174999999999816 0.006773799999999941 
16500 0.0021615999999999858 0.006971600000000411 
17000 0.0028314000000002615 0.006656699999999738 
17500 0.0023509000000001556 0.007157999999999998 
18000 0.0020815000000000694 0.007473799999999642 
18500 0.0022188999999999126 0.007312399999999997 
19000 0.002512599999999754 0.007619600000000393 
19500 0.0024676999999999616 0.008236600000000038 
20000 0.0023490000000001565 0.008344600000000035 
